#          omega_b,        omega_cdm,               H0,              n_s,              A_s,         tau_reio, scf_parameters__1,       f_axion_ac,   log10_axion_ac,        A_cib_217,        xi_sz_cib,             A_sz,     ps_A_100_100,     ps_A_143_143,     ps_A_143_217,     ps_A_217_217,         ksz_norm,     gal545_A_100,     gal545_A_143, gal545_A_143_217,     gal545_A_217,    galf_EE_A_100, galf_EE_A_100_143, galf_EE_A_100_217,    galf_EE_A_143, galf_EE_A_143_217,    galf_EE_A_217,    galf_TE_A_100, galf_TE_A_100_143, galf_TE_A_100_217,    galf_TE_A_143, galf_TE_A_143_217,    galf_TE_A_217,       calib_100T,       calib_217T,         A_planck,                M,           rs_rec,      100*theta_s,           sigma8,          Omega_m,     Omega_Lambda,    log10_f_axion,    log10_m_axion,            f_ede,        log10_z_c
 5.656607e-08	 3.140192e-08	 7.437107e-05	 8.317786e-07	 1.880204e-15	 4.230561e-07	-2.681988e-05	 9.141299e-07	-1.190603e-05	 4.006468e-05	-1.387195e-06	-7.812217e-06	-7.778693e-05	-1.604195e-04	-2.526713e-04	-2.747837e-04	 2.338420e-05	 1.433973e-05	 6.463863e-06	 1.881813e-05	 3.598847e-05	 3.569259e-08	 3.540297e-08	 4.784524e-08	-8.620336e-09	-1.002009e-07	-2.981860e-08	 2.554268e-08	-4.699211e-08	-4.203957e-07	-1.487289e-07	-1.460909e-06	-4.495634e-06	 2.702144e-09	 3.553083e-09	 4.576454e-08	 2.072592e-06	-6.173667e-05	-2.181917e-09	 4.422898e-07	-4.516874e-07	 4.518381e-07	 1.566688e-05	 3.080857e-05	 9.179885e-07	 1.182994e-05	
 3.140192e-08	 1.479152e-05	 2.872795e-03	 1.527739e-05	 3.234125e-14	-4.189208e-06	 7.550607e-04	 1.106527e-04	-1.893148e-05	-1.894876e-03	 3.009436e-05	 1.660540e-04	 1.644589e-03	-2.619244e-03	-4.430953e-04	 1.358112e-03	-1.130834e-04	-7.788961e-05	 9.877470e-05	-4.380282e-04	-2.859435e-04	-4.269146e-07	-5.159039e-07	-5.273530e-07	-2.827819e-07	-1.558317e-06	 3.123604e-06	 3.568311e-06	 1.779354e-06	 1.131434e-06	 4.730910e-06	 9.547044e-06	 4.059357e-05	 1.157377e-07	-2.469540e-07	-7.844680e-07	 8.968179e-05	-6.589123e-03	-6.120654e-07	 3.388981e-05	 4.928208e-06	-4.922473e-06	-5.186952e-05	-1.300478e-04	 1.102610e-04	 2.182296e-05	
 7.437107e-05	 2.872795e-03	 1.083527e+00	 6.140548e-03	 1.542772e-11	 1.568314e-03	 2.620536e-01	 2.885307e-02	-2.197346e-02	-5.270215e-01	 6.051427e-03	 6.873724e-02	-1.900669e-01	-1.023868e+00	-4.112208e-01	 1.370535e-01	-5.836196e-02	-4.739175e-03	 1.027105e-03	-9.433508e-02	 1.461556e-02	 1.996673e-04	 1.975008e-04	-9.144045e-05	 2.284866e-04	-3.149955e-04	-3.657733e-04	 7.859497e-04	 2.810865e-04	 8.376987e-04	 3.700953e-04	 1.156966e-03	 5.433745e-03	 3.893701e-05	-6.092362e-05	-1.973815e-05	 3.147584e-02	-1.502407e+00	-8.584792e-05	 7.689678e-03	-3.341807e-03	 3.343973e-03	-4.421894e-02	-2.148906e-02	 2.876349e-02	 2.240864e-02	
 8.317786e-07	 1.527739e-05	 6.140548e-03	 5.932773e-05	 9.555468e-14	 1.535776e-05	 2.219071e-03	 1.785957e-04	-5.451403e-04	-3.575026e-03	 4.527721e-05	 2.251645e-04	-1.125187e-02	-6.108960e-03	-2.696518e-03	 1.031881e-03	-6.394226e-04	 4.870212e-04	 5.852313e-05	-3.445497e-04	 1.138383e-03	 3.072888e-06	 3.304301e-06	-2.910988e-06	 3.763114e-06	-5.652646e-06	-6.439069e-07	 5.561807e-06	 2.482690e-06	-2.821330e-06	 5.696374e-06	-3.686111e-06	-3.765589e-06	 6.970369e-08	-3.366089e-07	 9.485991e-07	 1.781697e-04	-8.286747e-03	-2.695981e-07	 4.723020e-05	-2.007552e-05	 2.008782e-05	-6.060150e-04	 4.937096e-04	 1.782714e-04	 5.439370e-04	
 1.880204e-15	 3.234125e-14	 1.542772e-11	 9.555468e-14	 1.093616e-21	 2.050593e-13	 9.985729e-13	 3.309613e-13	 7.857989e-14	-1.742739e-11	 3.447117e-13	 3.520835e-12	-4.527201e-11	-2.577399e-11	 2.220410e-12	 2.215080e-11	-6.769055e-12	-3.461507e-13	-1.405811e-12	-3.089686e-12	 3.555959e-12	 8.076008e-15	 4.554016e-15	-1.878936e-14	 5.900912e-15	-1.237373e-14	 3.904457e-17	-1.657565e-14	-1.165000e-14	-1.826014e-14	 1.134385e-14	-6.647068e-15	-1.618657e-14	 5.320382e-16	-1.956309e-15	 2.160853e-14	 4.425139e-13	-1.852617e-11	-1.233869e-15	 2.689769e-13	-6.293439e-14	 6.296521e-14	 4.976807e-13	-4.595839e-13	 3.297678e-13	-6.976790e-14	
 4.230561e-07	-4.189208e-06	 1.568314e-03	 1.535776e-05	 2.050593e-13	 5.569650e-05	 4.064858e-04	 6.526673e-06	-1.653489e-04	-6.554933e-04	-1.220264e-05	 1.652062e-04	-6.799960e-03	-2.598564e-03	-2.148059e-03	-1.738020e-03	-2.289320e-04	 4.891246e-05	-9.034026e-05	 7.562841e-05	 2.984649e-04	 2.159897e-06	 2.152408e-06	-3.038748e-06	 1.375333e-06	-1.406173e-06	 5.707709e-07	-4.483964e-06	-3.761988e-06	-2.644249e-06	-2.274649e-06	-7.973508e-06	-4.710969e-05	-5.544895e-08	-4.948609e-08	-7.807480e-07	 3.863328e-05	 8.156317e-04	 2.313333e-07	 2.935728e-05	-2.069283e-05	 2.069597e-05	-1.829006e-04	 1.683329e-04	 6.607620e-06	 1.637126e-04	
-2.681988e-05	 7.550607e-04	 2.620536e-01	 2.219071e-03	 9.985729e-13	 4.064858e-04	 5.478842e-01	 1.275003e-02	-5.853753e-02	 2.078496e-01	-6.005412e-03	-9.550555e-02	 1.947003e+00	 4.861496e-01	-1.365090e-01	-2.640580e-01	 1.805289e-01	-1.803898e-02	-9.204717e-05	 3.187903e-02	 6.046813e-02	 1.199351e-04	 1.686803e-04	 2.116492e-05	 2.676180e-04	-7.152595e-04	-9.533186e-04	 4.845383e-04	 2.068739e-04	 7.220557e-04	 1.031115e-03	 1.475669e-03	 4.833439e-03	 2.853866e-05	 3.541771e-05	-3.127386e-05	 7.652347e-03	-3.702335e-01	 1.140249e-05	 6.610087e-04	-7.754528e-04	 7.759818e-04	-2.386083e-01	-1.044718e-01	 1.271370e-02	 5.813134e-02	
 9.141299e-07	 1.106527e-04	 2.885307e-02	 1.785957e-04	 3.309613e-13	 6.526673e-06	 1.275003e-02	 1.016852e-03	-1.399962e-03	-8.260205e-03	 5.823185e-05	-7.137024e-04	 4.206537e-02	-1.255731e-02	-1.120034e-02	-1.242923e-03	 2.869364e-03	-4.017219e-04	 8.631288e-04	-1.842594e-03	 1.020770e-04	 3.152217e-06	 3.300147e-06	-3.910978e-06	 5.649720e-06	-2.122439e-05	 2.604532e-06	 3.403813e-05	 1.588675e-05	 2.496996e-05	 4.120021e-05	 6.690517e-05	 2.934738e-04	 1.301478e-06	-1.007643e-06	-3.818767e-06	 8.683345e-04	-5.238599e-02	-4.019430e-06	 2.514358e-04	-2.380716e-05	 2.386487e-05	-3.322276e-03	-8.072078e-04	 1.013805e-03	 1.411017e-03	
-1.190603e-05	-1.893148e-05	-2.197346e-02	-5.451403e-04	 7.857989e-14	-1.653489e-04	-5.853753e-02	-1.399962e-03	 1.957712e-02	-1.376513e-01	 3.136886e-03	 3.947738e-02	-5.272788e-01	-1.788577e-01	 1.147684e-01	 2.195094e-01	-7.160183e-02	-6.240443e-03	-9.263009e-03	-2.928453e-02	-2.537022e-02	-3.714293e-05	-4.368963e-05	 1.136647e-05	-3.611207e-05	 1.427036e-04	 2.667722e-04	-9.942488e-05	-1.478066e-05	-1.709344e-05	-1.471239e-04	 2.764442e-04	 7.408347e-04	-2.591431e-06	-1.592283e-05	-5.521493e-06	-6.252245e-04	 1.922776e-02	-8.452238e-06	 6.182317e-05	 1.237519e-04	-1.237969e-04	 2.519621e-02	-2.321581e-02	-1.406946e-03	-1.939705e-02	
 4.006468e-05	-1.894876e-03	-5.270215e-01	-3.575026e-03	-1.742739e-11	-6.554933e-04	 2.078496e-01	-8.260205e-03	-1.376513e-01	 5.113933e+01	-4.318229e-01	-1.506202e+00	 4.175860e+01	 4.951066e+00	-1.679291e+01	-6.749285e+01	 4.725788e-01	 2.058136e-01	 4.187905e-01	-1.852993e+00	-2.472664e+01	-3.621012e-04	 3.852845e-04	 2.649282e-03	-2.678824e-05	-4.438036e-03	-4.235463e-03	 4.510277e-04	 2.483909e-03	 7.237699e-03	 5.304889e-03	-7.609994e-03	-2.252981e-02	-3.591587e-04	 4.100860e-03	 4.632739e-04	-1.558041e-02	 8.885719e-01	 1.575863e-04	-8.409564e-03	 8.301831e-04	-8.312200e-04	-1.237817e-01	 2.004943e-01	-8.134364e-03	 1.355319e-01	
-1.387195e-06	 3.009436e-05	 6.051427e-03	 4.527721e-05	 3.447117e-13	-1.220264e-05	-6.005412e-03	 5.823185e-05	 3.136886e-03	-4.318229e-01	 8.170217e-02	-3.336655e-02	-6.354052e-01	 8.419800e-01	 1.665099e+00	 7.041541e-01	 2.705208e-02	-2.652776e-04	 5.688305e-03	 8.843644e-02	 1.171861e-01	 2.025547e-05	 3.952455e-08	-1.117235e-04	 1.090981e-05	 1.353381e-04	-8.642111e-05	-4.888916e-05	-1.008084e-04	-1.103211e-04	-1.662226e-04	 1.635190e-04	 2.503558e-04	 7.624577e-06	-1.468145e-05	 1.269530e-05	 1.809546e-04	-1.322163e-02	-3.120644e-06	 1.603983e-04	 4.846992e-06	-4.834769e-06	 3.028327e-03	-4.819436e-03	 5.607871e-05	-3.088548e-03	
-7.812217e-06	 1.660540e-04	 6.873724e-02	 2.251645e-04	 3.520835e-12	 1.652062e-04	-9.550555e-02	-7.137024e-04	 3.947738e-02	-1.506202e+00	-3.336655e-02	 3.998328e+00	-3.157175e+01	-3.650724e+00	 8.312208e+00	 6.567186e+00	-2.956393e+00	-1.724318e-01	 1.287641e-01	 2.457479e+00	 2.965759e+00	-2.001294e-04	 4.017096e-05	 2.246321e-04	 4.669494e-05	 1.304293e-03	 1.669446e-03	-1.013765e-04	-6.123657e-04	 1.338744e-03	-1.167953e-03	 1.125398e-04	-1.272166e-04	 1.599017e-04	-2.140243e-04	 3.918544e-05	 1.962532e-03	-8.567825e-02	-2.280422e-05	 1.367285e-03	-2.749838e-04	 2.751192e-04	 4.409391e-02	-5.218411e-02	-7.347937e-04	-3.903100e-02	
-7.778693e-05	 1.644589e-03	-1.900669e-01	-1.125187e-02	-4.527201e-11	-6.799960e-03	 1.947003e+00	 4.206537e-02	-5.272788e-01	 4.175860e+01	-6.354052e-01	-3.157175e+01	 8.192522e+02	 7.493852e+01	-5.969536e+01	-7.223790e+01	 1.667424e+01	-5.119814e+00	 4.330794e+00	-9.569616e+00	-1.753243e+01	-9.584360e-04	-2.348050e-04	-9.304095e-04	-2.342439e-03	-4.696888e-03	-4.366241e-03	 1.103067e-03	-1.080108e-03	 5.772244e-03	 2.554140e-02	-9.845480e-03	-2.162828e-02	 6.176203e-03	 3.391118e-03	 2.545619e-03	-4.128656e-03	-4.780506e-01	 2.856102e-04	-1.526724e-02	 4.763474e-03	-4.763846e-03	-8.142500e-01	 4.644574e-01	 4.224376e-02	 5.204194e-01	
-1.604195e-04	-2.619244e-03	-1.023868e+00	-6.108960e-03	-2.577399e-11	-2.598564e-03	 4.861496e-01	-1.255731e-02	-1.788577e-01	 4.951066e+00	 8.419800e-01	-3.650724e+00	 7.493852e+01	 6.448430e+01	 3.866918e+01	 1.138535e+01	-4.497374e+00	-1.590084e-01	-1.269132e+00	 4.323922e+00	 5.520065e+00	 1.383785e-05	-6.012577e-04	-1.419015e-04	-5.712694e-04	-1.466911e-03	-1.579042e-02	-3.948848e-04	-3.274963e-05	 9.770314e-04	-8.581487e-04	 4.329403e-03	 1.844197e-02	 1.520984e-04	 8.336216e-04	 6.731409e-04	-2.945693e-02	 1.431535e+00	 2.877589e-04	-1.149622e-02	 3.200259e-03	-3.202292e-03	-2.791494e-01	 2.071092e-01	-1.236310e-02	 1.759123e-01	
-2.526713e-04	-4.430953e-04	-4.112208e-01	-2.696518e-03	 2.220410e-12	-2.148059e-03	-1.365090e-01	-1.120034e-02	 1.147684e-01	-1.679291e+01	 1.665099e+00	 8.312208e+00	-5.969536e+01	 3.866918e+01	 8.742425e+01	 6.146394e+01	-1.287513e+01	-5.106834e-01	-7.560761e-01	 3.042867e+00	 4.350202e+00	-1.870304e-04	-4.724419e-04	-3.223455e-03	-1.049950e-05	 6.423963e-03	-8.799363e-03	-2.405138e-03	-2.931040e-03	-5.324034e-04	-5.658633e-03	 1.034346e-02	 1.448802e-02	 6.566885e-04	-2.088355e-03	 7.643749e-04	-1.151275e-02	 4.189582e-01	 6.413764e-05	 1.101668e-03	 2.080130e-03	-2.080951e-03	 2.625645e-02	-1.976338e-01	-1.119677e-02	-1.138459e-01	
-2.747837e-04	 1.358112e-03	 1.370535e-01	 1.031881e-03	 2.215080e-11	-1.738020e-03	-2.640580e-01	-1.242923e-03	 2.195094e-01	-6.749285e+01	 7.041541e-01	 6.567186e+00	-7.223790e+01	 1.138535e+01	 6.146394e+01	 1.281896e+02	-1.060299e+01	-4.863350e-01	-9.508260e-01	-1.443757e+00	 1.846161e+01	 4.260997e-04	-7.112672e-04	-4.303665e-03	-2.425354e-05	 7.110975e-03	-1.081527e-02	-2.151327e-03	-3.170179e-03	-8.447884e-03	-7.462564e-03	 1.715264e-02	 4.301198e-02	 7.382299e-04	-7.570825e-03	 1.752786e-03	 4.643240e-03	-4.476284e-01	-8.162741e-05	 9.373276e-03	 9.331769e-04	-9.329226e-04	 1.238629e-01	-3.400927e-01	-1.364639e-03	-2.169764e-01	
 2.338420e-05	-1.130834e-04	-5.836196e-02	-6.394226e-04	-6.769055e-12	-2.289320e-04	 1.805289e-01	 2.869364e-03	-7.160183e-02	 4.725788e-01	 2.705208e-02	-2.956393e+00	 1.667424e+01	-4.497374e+00	-1.287513e+01	-1.060299e+01	 6.353039e+00	 4.227841e-02	-1.422332e-01	-1.995068e+00	-2.292353e+00	 2.623009e-05	-6.867100e-05	 1.406398e-04	-8.587410e-05	-1.293417e-03	 4.279682e-03	 1.202748e-03	 8.402015e-05	-3.348883e-04	 1.708195e-03	-1.918574e-03	 2.366225e-03	-1.141532e-04	 7.692962e-05	-8.726857e-05	-1.596980e-03	 5.890492e-02	 3.725706e-05	-2.414920e-03	 3.250068e-04	-3.251235e-04	-8.050337e-02	 8.984576e-02	 2.911070e-03	 7.087259e-02	
 1.433973e-05	-7.788961e-05	-4.739175e-03	 4.870212e-04	-3.461507e-13	 4.891246e-05	-1.803898e-02	-4.017219e-04	-6.240443e-03	 2.058136e-01	-2.652776e-04	-1.724318e-01	-5.119814e+00	-1.590084e-01	-5.106834e-01	-4.863350e-01	 4.227841e-02	 3.412652e+00	 4.867830e-01	 2.079190e-01	 1.279170e-01	 2.549884e-05	-6.496029e-05	 3.882464e-04	-4.110159e-05	-2.700847e-04	 2.449178e-03	-1.103749e-03	-6.736817e-05	 7.834658e-04	-1.439405e-03	 5.031403e-04	 1.065270e-03	 2.929443e-04	-1.680364e-05	 6.127166e-05	-1.304101e-04	 2.627517e-02	 9.789691e-06	-6.832302e-05	-8.840860e-05	 8.840037e-05	 6.475445e-03	 2.202866e-02	-3.901796e-04	 6.210875e-03	
 6.463863e-06	 9.877470e-05	 1.027105e-03	 5.852313e-05	-1.405811e-12	-9.034026e-05	-9.204717e-05	 8.631288e-04	-9.263009e-03	 4.187905e-01	 5.688305e-03	 1.287641e-01	 4.330794e+00	-1.269132e+00	-7.560761e-01	-9.508260e-01	-1.422332e-01	 4.867830e-01	 3.197902e+00	 2.536010e+00	 2.280311e+00	 1.179709e-05	-3.176683e-05	 3.059603e-04	-1.323082e-04	 9.390991e-04	 2.214802e-03	-9.489363e-05	-9.857200e-04	 9.231269e-04	-4.276089e-04	 8.217900e-05	-2.337687e-03	-2.845658e-04	-1.922303e-04	 1.880829e-05	 1.036724e-04	-4.009469e-02	-4.614168e-06	-1.048514e-04	 2.042196e-04	-2.042175e-04	 2.779155e-03	 2.030280e-02	 8.648996e-04	 9.185929e-03	
 1.881813e-05	-4.380282e-04	-9.433508e-02	-3.445497e-04	-3.089686e-12	 7.562841e-05	 3.187903e-02	-1.842594e-03	-2.928453e-02	-1.852993e+00	 8.843644e-02	 2.457479e+00	-9.569616e+00	 4.323922e+00	 3.042867e+00	-1.443757e+00	-1.995068e+00	 2.079190e-01	 2.536010e+00	 1.278011e+01	 2.357713e+01	-1.548223e-04	-1.132981e-04	 1.643347e-03	-2.438360e-05	 2.081599e-03	 4.413831e-03	-8.322732e-05	-1.233175e-03	 3.339253e-04	-7.190025e-04	-1.076840e-03	-2.291954e-03	-1.345958e-05	 2.296931e-03	 1.022074e-04	-2.950339e-03	 1.899967e-01	 2.589321e-05	-1.625561e-03	-2.104900e-05	 2.085968e-05	-2.502181e-02	 3.687867e-02	-1.819007e-03	 2.881758e-02	
 3.598847e-05	-2.859435e-04	 1.461556e-02	 1.138383e-03	 3.555959e-12	 2.984649e-04	 6.046813e-02	 1.020770e-04	-2.537022e-02	-2.472664e+01	 1.171861e-01	 2.965759e+00	-1.753243e+01	 5.520065e+00	 4.350202e+00	 1.846161e+01	-2.292353e+00	 1.279170e-01	 2.280311e+00	 2.357713e+01	 6.303955e+01	 2.356532e-04	-2.945573e-04	 1.303431e-03	 4.149777e-04	 4.885897e-03	 1.415136e-02	-4.822252e-04	-2.050790e-03	-5.855475e-03	-4.499408e-04	-1.978868e-03	-8.431374e-03	 1.838010e-04	 5.129383e-03	 1.074532e-03	 6.599154e-05	 8.519109e-02	 5.738637e-06	 1.453317e-04	-6.079816e-04	 6.080020e-04	-3.799025e-02	 7.509879e-03	 1.076123e-04	 2.501069e-02	
 3.569259e-08	-4.269146e-07	 1.996673e-04	 3.072888e-06	 8.076008e-15	 2.159897e-06	 1.199351e-04	 3.152217e-06	-3.714293e-05	-3.621012e-04	 2.025547e-05	-2.001294e-04	-9.584360e-04	 1.383785e-05	-1.870304e-04	 4.260997e-04	 2.623009e-05	 2.549884e-05	 1.179709e-05	-1.548223e-04	 2.356532e-04	 3.708852e-05	 8.936888e-06	 1.727931e-06	 2.688125e-06	 1.152167e-06	-5.238713e-06	 2.304659e-07	-4.569668e-07	-1.140044e-05	-1.057918e-06	-2.600839e-06	-2.654836e-05	-8.898447e-08	-1.005294e-08	 1.013687e-06	 5.355135e-06	 6.089300e-05	-8.060930e-09	 5.446008e-07	-2.457202e-06	 2.457606e-06	-4.699785e-05	 5.765521e-05	 3.153923e-06	 3.667005e-05	
 3.540297e-08	-5.159039e-07	 1.975008e-04	 3.304301e-06	 4.554016e-15	 2.152408e-06	 1.686803e-04	 3.300147e-06	-4.368963e-05	 3.852845e-04	 3.952455e-08	 4.017096e-05	-2.348050e-04	-6.012577e-04	-4.724419e-04	-7.112672e-04	-6.867100e-05	-6.496029e-05	-3.176683e-05	-1.132981e-04	-2.945573e-04	 8.936888e-06	 2.752787e-05	 2.857420e-06	 1.231223e-05	 6.324412e-07	-4.735873e-06	 1.881658e-06	-6.587993e-07	-4.414077e-06	-3.815064e-06	-1.647256e-06	-8.083931e-06	-3.705273e-08	-9.301485e-09	 4.813562e-07	 4.844389e-06	 9.490195e-05	-9.174471e-09	-3.961330e-07	-2.622282e-06	 2.622683e-06	-6.648544e-05	 5.620664e-05	 3.301951e-06	 4.333091e-05	
 4.784524e-08	-5.273530e-07	-9.144045e-05	-2.910988e-06	-1.878936e-14	-3.038748e-06	 2.116492e-05	-3.910978e-06	 1.136647e-05	 2.649282e-03	-1.117235e-04	 2.246321e-04	-9.304095e-04	-1.419015e-04	-3.223455e-03	-4.303665e-03	 1.406398e-04	 3.882464e-04	 3.059603e-04	 1.643347e-03	 1.303431e-03	 1.727931e-06	 2.857420e-06	 1.074760e-03	 1.247743e-06	 1.846677e-05	 3.063310e-05	-1.494102e-05	-2.469625e-06	-1.348483e-06	-1.060369e-05	-2.009771e-05	-1.958770e-05	-2.313625e-07	 1.642258e-07	-7.849741e-07	-2.290518e-06	 2.142001e-04	 9.719907e-08	-5.607016e-06	-1.673125e-07	 1.671382e-07	-4.183595e-05	-1.081612e-04	-3.899122e-06	-1.110698e-05	
-8.620336e-09	-2.827819e-07	 2.284866e-04	 3.763114e-06	 5.900912e-15	 1.375333e-06	 2.676180e-04	 5.649720e-06	-3.611207e-05	-2.678824e-05	 1.090981e-05	 4.669494e-05	-2.342439e-03	-5.712694e-04	-1.049950e-05	-2.425354e-05	-8.587410e-05	-4.110159e-05	-1.323082e-04	-2.438360e-05	 4.149777e-04	 2.688125e-06	 1.231223e-05	 1.247743e-06	 4.917226e-05	-9.071601e-07	 4.023913e-06	 5.984361e-07	-1.509801e-06	 7.264511e-06	-6.657022e-07	-3.043885e-06	 1.074935e-07	-5.194213e-08	 6.445258e-08	 1.425179e-06	 5.541052e-06	 8.433816e-06	-3.943613e-08	 3.167086e-07	-2.514153e-06	 2.514620e-06	-9.847306e-05	 1.649579e-05	 5.636219e-06	 3.581867e-05	
-1.002009e-07	-1.558317e-06	-3.149955e-04	-5.652646e-06	-1.237373e-14	-1.406173e-06	-7.152595e-04	-2.122439e-05	 1.427036e-04	-4.438036e-03	 1.353381e-04	 1.304293e-03	-4.696888e-03	-1.466911e-03	 6.423963e-03	 7.110975e-03	-1.293417e-03	-2.700847e-04	 9.390991e-04	 2.081599e-03	 4.885897e-03	 1.152167e-06	 6.324412e-07	 1.846677e-05	-9.071601e-07	 2.189182e-03	 1.505353e-04	-3.240849e-06	-3.904203e-06	 6.136491e-06	-1.824447e-06	 2.252717e-05	-1.007376e-04	-1.781850e-07	 9.848049e-08	-9.607023e-07	-1.024346e-05	 7.020631e-04	-8.137783e-08	-4.435725e-06	-6.109843e-07	 6.103751e-07	 3.064797e-04	 3.613539e-05	-2.121036e-05	-1.408687e-04	
-2.981860e-08	 3.123604e-06	-3.657733e-04	-6.439069e-07	 3.904457e-17	 5.707709e-07	-9.533186e-04	 2.604532e-06	 2.667722e-04	-4.235463e-03	-8.642111e-05	 1.669446e-03	-4.366241e-03	-1.579042e-02	-8.799363e-03	-1.081527e-02	 4.279682e-03	 2.449178e-03	 2.214802e-03	 4.413831e-03	 1.415136e-02	-5.238713e-06	-4.735873e-06	 3.063310e-05	 4.023913e-06	 1.505353e-04	 1.665503e-02	 4.019577e-05	 3.187959e-05	 6.488023e-05	 2.278704e-05	-1.280065e-04	-3.316779e-05	 3.146421e-07	 9.688784e-07	-2.048883e-06	-1.594501e-06	-1.148551e-03	-7.622631e-07	 7.863715e-06	 9.223973e-06	-9.224624e-06	 5.071063e-04	-2.952247e-04	 2.340645e-06	-2.607269e-04	
 2.554268e-08	 3.568311e-06	 7.859497e-04	 5.561807e-06	-1.657565e-14	-4.483964e-06	 4.845383e-04	 3.403813e-05	-9.942488e-05	 4.510277e-04	-4.888916e-05	-1.013765e-04	 1.103067e-03	-3.948848e-04	-2.405138e-03	-2.151327e-03	 1.202748e-03	-1.103749e-03	-9.489363e-05	-8.322732e-05	-4.822252e-04	 2.304659e-07	 1.881658e-06	-1.494102e-05	 5.984361e-07	-3.240849e-06	 4.019577e-05	 1.455333e-03	 2.714105e-04	 8.861437e-05	-4.004763e-04	-1.429002e-04	-1.949232e-04	-1.396336e-07	-7.065797e-08	-9.538116e-07	 2.400913e-05	-1.635339e-03	-1.065033e-07	 2.911402e-06	 4.088238e-07	-4.072360e-07	-1.292862e-04	 9.833305e-05	 3.400301e-05	 9.909119e-05	
-4.699211e-08	 1.779354e-06	 2.810865e-04	 2.482690e-06	-1.165000e-14	-3.761988e-06	 2.068739e-04	 1.588675e-05	-1.478066e-05	 2.483909e-03	-1.008084e-04	-6.123657e-04	-1.080108e-03	-3.274963e-05	-2.931040e-03	-3.170179e-03	 8.402015e-05	-6.736817e-05	-9.857200e-04	-1.233175e-03	-2.050790e-03	-4.569668e-07	-6.587993e-07	-2.469625e-06	-1.509801e-06	-3.904203e-06	 3.187959e-05	 2.714105e-04	 8.674493e-04	 3.675615e-05	 7.309294e-04	 3.692777e-05	-7.647883e-04	-1.381787e-07	 3.767427e-07	-6.989538e-09	 9.178436e-06	-7.800821e-04	-1.819119e-07	 9.713445e-07	 1.099790e-06	-1.099224e-06	-4.692667e-05	-3.592788e-05	 1.587326e-05	 1.416483e-05	
-4.203957e-07	 1.131434e-06	 8.376987e-04	-2.821330e-06	-1.826014e-14	-2.644249e-06	 7.220557e-04	 2.496996e-05	-1.709344e-05	 7.237699e-03	-1.103211e-04	 1.338744e-03	 5.772244e-03	 9.770314e-04	-5.324034e-04	-8.447884e-03	-3.348883e-04	 7.834658e-04	 9.231269e-04	 3.339253e-04	-5.855475e-03	-1.140044e-05	-4.414077e-06	-1.348483e-06	 7.264511e-06	 6.136491e-06	 6.488023e-05	 8.861437e-05	 3.675615e-05	 7.121961e-03	-2.753101e-04	 6.999785e-04	 4.502245e-03	 3.867339e-07	-6.503321e-07	-1.839885e-06	 2.407337e-05	-5.842526e-04	-1.557702e-07	-5.936631e-06	-5.697666e-06	 5.699315e-06	-1.059145e-04	 3.263991e-04	 2.484638e-05	 1.633168e-05	
-1.487289e-07	 4.730910e-06	 3.700953e-04	 5.696374e-06	 1.134385e-14	-2.274649e-06	 1.031115e-03	 4.120021e-05	-1.471239e-04	 5.304889e-03	-1.662226e-04	-1.167953e-03	 2.554140e-02	-8.581487e-04	-5.658633e-03	-7.462564e-03	 1.708195e-03	-1.439405e-03	-4.276089e-04	-7.190025e-04	-4.499408e-04	-1.057918e-06	-3.815064e-06	-1.060369e-05	-6.657022e-07	-1.824447e-06	 2.278704e-05	-4.004763e-04	 7.309294e-04	-2.753101e-04	 2.954838e-03	 5.152856e-04	-9.161031e-04	-1.327548e-07	 1.368112e-06	 1.781850e-06	 1.330759e-05	-1.843104e-03	-1.250211e-07	 1.067566e-05	 5.907301e-06	-5.906568e-06	-4.546254e-04	-1.310485e-04	 4.119674e-05	 1.456660e-04	
-1.460909e-06	 9.547044e-06	 1.156966e-03	-3.686111e-06	-6.647068e-15	-7.973508e-06	 1.475669e-03	 6.690517e-05	 2.764442e-04	-7.609994e-03	 1.635190e-04	 1.125398e-04	-9.845480e-03	 4.329403e-03	 1.034346e-02	 1.715264e-02	-1.918574e-03	 5.031403e-04	 8.217900e-05	-1.076840e-03	-1.978868e-03	-2.600839e-06	-1.647256e-06	-2.009771e-05	-3.043885e-06	 2.252717e-05	-1.280065e-04	-1.429002e-04	 3.692777e-05	 6.999785e-04	 5.152856e-04	 6.410740e-03	 7.890450e-03	-4.748309e-07	-7.339716e-07	-3.304611e-06	 3.832719e-05	-3.430839e-03	-3.079084e-07	 1.570026e-05	 6.093345e-06	-6.090977e-06	-5.325442e-04	-9.465292e-04	 6.660997e-05	-2.758246e-04	
-4.495634e-06	 4.059357e-05	 5.433745e-03	-3.765589e-06	-1.618657e-14	-4.710969e-05	 4.833439e-03	 2.934738e-04	 7.408347e-04	-2.252981e-02	 2.503558e-04	-1.272166e-04	-2.162828e-02	 1.844197e-02	 1.448802e-02	 4.301198e-02	 2.366225e-03	 1.065270e-03	-2.337687e-03	-2.291954e-03	-8.431374e-03	-2.654836e-05	-8.083931e-06	-1.958770e-05	 1.074935e-07	-1.007376e-04	-3.316779e-05	-1.949232e-04	-7.647883e-04	 4.502245e-03	-9.161031e-04	 7.890450e-03	 6.960341e-02	 1.595760e-06	-8.752891e-06	 4.676787e-06	 1.840417e-04	-1.541994e-02	-9.510188e-07	 7.027479e-05	 2.515437e-05	-2.514366e-05	-1.421396e-03	-2.205772e-03	 2.928174e-04	-7.428793e-04	
 2.702144e-09	 1.157377e-07	 3.893701e-05	 6.970369e-08	 5.320382e-16	-5.544895e-08	 2.853866e-05	 1.301478e-06	-2.591431e-06	-3.591587e-04	 7.624577e-06	 1.599017e-04	 6.176203e-03	 1.520984e-04	 6.566885e-04	 7.382299e-04	-1.141532e-04	 2.929443e-04	-2.845658e-04	-1.345958e-05	 1.838010e-04	-8.898447e-08	-3.705273e-08	-2.313625e-07	-5.194213e-08	-1.781850e-07	 3.146421e-07	-1.396336e-07	-1.381787e-07	 3.867339e-07	-1.327548e-07	-4.748309e-07	 1.595760e-06	 6.202451e-07	 8.213875e-09	 7.281663e-09	 1.134503e-06	-5.821110e-05	-4.023133e-09	 1.879144e-07	-9.716114e-08	 9.723858e-08	-1.058859e-05	-4.263093e-06	 1.297484e-06	 2.609331e-06	
 3.553083e-09	-2.469540e-07	-6.092362e-05	-3.366089e-07	-1.956309e-15	-4.948609e-08	 3.541771e-05	-1.007643e-06	-1.592283e-05	 4.100860e-03	-1.468145e-05	-2.140243e-04	 3.391118e-03	 8.336216e-04	-2.088355e-03	-7.570825e-03	 7.692962e-05	-1.680364e-05	-1.922303e-04	 2.296931e-03	 5.129383e-03	-1.005294e-08	-9.301485e-09	 1.642258e-07	 6.445258e-08	 9.848049e-08	 9.688784e-07	-7.065797e-08	 3.767427e-07	-6.503321e-07	 1.368112e-06	-7.339716e-07	-8.752891e-06	 8.213875e-09	 2.153376e-06	 5.759156e-09	-1.878147e-06	 1.132084e-04	 1.737399e-08	-1.013866e-06	 4.056821e-08	-4.068902e-08	-2.098277e-05	 1.562569e-05	-9.944361e-07	 1.564865e-05	
 4.576454e-08	-7.844680e-07	-1.973815e-05	 9.485991e-07	 2.160853e-14	-7.807480e-07	-3.127386e-05	-3.818767e-06	-5.521493e-06	 4.632739e-04	 1.269530e-05	 3.918544e-05	 2.545619e-03	 6.731409e-04	 7.643749e-04	 1.752786e-03	-8.726857e-05	 6.127166e-05	 1.880829e-05	 1.022074e-04	 1.074532e-03	 1.013687e-06	 4.813562e-07	-7.849741e-07	 1.425179e-06	-9.607023e-07	-2.048883e-06	-9.538116e-07	-6.989538e-09	-1.839885e-06	 1.781850e-06	-3.304611e-06	 4.676787e-06	 7.281663e-09	 5.759156e-09	 6.547479e-06	-1.042481e-06	 2.722705e-04	 2.318309e-08	 2.846180e-06	-1.268744e-06	 1.268708e-06	 1.409756e-05	 2.294083e-05	-3.812721e-06	 5.213346e-06	
 2.072592e-06	 8.968179e-05	 3.147584e-02	 1.781697e-04	 4.425139e-13	 3.863328e-05	 7.652347e-03	 8.683345e-04	-6.252245e-04	-1.558041e-02	 1.809546e-04	 1.962532e-03	-4.128656e-03	-2.945693e-02	-1.151275e-02	 4.643240e-03	-1.596980e-03	-1.304101e-04	 1.036724e-04	-2.950339e-03	 6.599154e-05	 5.355135e-06	 4.844389e-06	-2.290518e-06	 5.541052e-06	-1.024346e-05	-1.594501e-06	 2.400913e-05	 9.178436e-06	 2.407337e-05	 1.330759e-05	 3.832719e-05	 1.840417e-04	 1.134503e-06	-1.878147e-06	-1.042481e-06	 9.380544e-04	-4.593642e-02	-2.813385e-06	 2.355852e-04	-8.500622e-05	 8.506914e-05	-1.212788e-03	-6.327873e-04	 8.656092e-04	 6.391827e-04	
-6.173667e-05	-6.589123e-03	-1.502407e+00	-8.286747e-03	-1.852617e-11	 8.156317e-04	-3.702335e-01	-5.238599e-02	 1.922776e-02	 8.885719e-01	-1.322163e-02	-8.567825e-02	-4.780506e-01	 1.431535e+00	 4.189582e-01	-4.476284e-01	 5.890492e-02	 2.627517e-02	-4.009469e-02	 1.899967e-01	 8.519109e-02	 6.089300e-05	 9.490195e-05	 2.142001e-04	 8.433816e-06	 7.020631e-04	-1.148551e-03	-1.635339e-03	-7.800821e-04	-5.842526e-04	-1.843104e-03	-3.430839e-03	-1.541994e-02	-5.821110e-05	 1.132084e-04	 2.722705e-04	-4.593642e-02	 3.040633e+00	 2.748267e-04	-1.563383e-02	-4.148237e-04	 4.118209e-04	 2.935759e-02	 4.722259e-02	-5.220736e-02	-2.044341e-02	
-2.181917e-09	-6.120654e-07	-8.584792e-05	-2.695981e-07	-1.233869e-15	 2.313333e-07	 1.140249e-05	-4.019430e-06	-8.452238e-06	 1.575863e-04	-3.120644e-06	-2.280422e-05	 2.856102e-04	 2.877589e-04	 6.413764e-05	-8.162741e-05	 3.725706e-05	 9.789691e-06	-4.614168e-06	 2.589321e-05	 5.738637e-06	-8.060930e-09	-9.174471e-09	 9.719907e-08	-3.943613e-08	-8.137783e-08	-7.622631e-07	-1.065033e-07	-1.819119e-07	-1.557702e-07	-1.250211e-07	-3.079084e-07	-9.510188e-07	-4.023133e-09	 1.737399e-08	 2.318309e-08	-2.813385e-06	 2.748267e-04	 1.329610e-07	-1.271161e-06	-4.851247e-07	 4.849530e-07	-1.878604e-05	 1.452042e-05	-3.996403e-06	 8.227963e-06	
 4.422898e-07	 3.388981e-05	 7.689678e-03	 4.723020e-05	 2.689769e-13	 2.935728e-05	 6.610087e-04	 2.514358e-04	 6.182317e-05	-8.409564e-03	 1.603983e-04	 1.367285e-03	-1.526724e-02	-1.149622e-02	 1.101668e-03	 9.373276e-03	-2.414920e-03	-6.832302e-05	-1.048514e-04	-1.625561e-03	 1.453317e-04	 5.446008e-07	-3.961330e-07	-5.607016e-06	 3.167086e-07	-4.435725e-06	 7.863715e-06	 2.911402e-06	 9.713445e-07	-5.936631e-06	 1.067566e-05	 1.570026e-05	 7.027479e-05	 1.879144e-07	-1.013866e-06	 2.846180e-06	 2.355852e-04	-1.563383e-02	-1.271161e-06	 1.195046e-04	 2.670241e-06	-2.654885e-06	 3.982660e-04	-1.441916e-04	 2.505561e-04	-5.405290e-05	
-4.516874e-07	 4.928208e-06	-3.341807e-03	-2.007552e-05	-6.293439e-14	-2.069283e-05	-7.754528e-04	-2.380716e-05	 1.237519e-04	 8.301831e-04	 4.846992e-06	-2.749838e-04	 4.763474e-03	 3.200259e-03	 2.080130e-03	 9.331769e-04	 3.250068e-04	-8.840860e-05	 2.042196e-04	-2.104900e-05	-6.079816e-04	-2.457202e-06	-2.622282e-06	-1.673125e-07	-2.514153e-06	-6.109843e-07	 9.223973e-06	 4.088238e-07	 1.099790e-06	-5.697666e-06	 5.907301e-06	 6.093345e-06	 2.515437e-05	-9.716114e-08	 4.056821e-08	-1.268744e-06	-8.500622e-05	-4.148237e-04	-4.851247e-07	 2.670241e-06	 3.702442e-05	-3.703111e-05	 3.012926e-04	-1.388002e-05	-2.381324e-05	-1.219040e-04	
 4.518381e-07	-4.922473e-06	 3.343973e-03	 2.008782e-05	 6.296521e-14	 2.069597e-05	 7.759818e-04	 2.386487e-05	-1.237969e-04	-8.312200e-04	-4.834769e-06	 2.751192e-04	-4.763846e-03	-3.202292e-03	-2.080951e-03	-9.329226e-04	-3.251235e-04	 8.840037e-05	-2.042175e-04	 2.085968e-05	 6.080020e-04	 2.457606e-06	 2.622683e-06	 1.671382e-07	 2.514620e-06	 6.103751e-07	-9.224624e-06	-4.072360e-07	-1.099224e-06	 5.699315e-06	-5.906568e-06	-6.090977e-06	-2.514366e-05	 9.723858e-08	-4.068902e-08	 1.268708e-06	 8.506914e-05	 4.118209e-04	 4.849530e-07	-2.654885e-06	-3.703111e-05	 3.703780e-05	-3.013823e-04	 1.383720e-05	 2.387077e-05	 1.219499e-04	
 1.566688e-05	-5.186952e-05	-4.421894e-02	-6.060150e-04	 4.976807e-13	-1.829006e-04	-2.386083e-01	-3.322276e-03	 2.519621e-02	-1.237817e-01	 3.028327e-03	 4.409391e-02	-8.142500e-01	-2.791494e-01	 2.625645e-02	 1.238629e-01	-8.050337e-02	 6.475445e-03	 2.779155e-03	-2.502181e-02	-3.799025e-02	-4.699785e-05	-6.648544e-05	-4.183595e-05	-9.847306e-05	 3.064797e-04	 5.071063e-04	-1.292862e-04	-4.692667e-05	-1.059145e-04	-4.546254e-04	-5.325442e-04	-1.421396e-03	-1.058859e-05	-2.098277e-05	 1.409756e-05	-1.212788e-03	 2.935759e-02	-1.878604e-05	 3.982660e-04	 3.012926e-04	-3.013823e-04	 1.201433e-01	 7.190262e-02	-3.313117e-03	-2.501025e-02	
 3.080857e-05	-1.300478e-04	-2.148906e-02	 4.937096e-04	-4.595839e-13	 1.683329e-04	-1.044718e-01	-8.072078e-04	-2.321581e-02	 2.004943e-01	-4.819436e-03	-5.218411e-02	 4.644574e-01	 2.071092e-01	-1.976338e-01	-3.400927e-01	 8.984576e-02	 2.202866e-02	 2.030280e-02	 3.687867e-02	 7.509879e-03	 5.765521e-05	 5.620664e-05	-1.081612e-04	 1.649579e-05	 3.613539e-05	-2.952247e-04	 9.833305e-05	-3.592788e-05	 3.263991e-04	-1.310485e-04	-9.465292e-04	-2.205772e-03	-4.263093e-06	 1.562569e-05	 2.294083e-05	-6.327873e-04	 4.722259e-02	 1.452042e-05	-1.441916e-04	-1.388002e-05	 1.383720e-05	 7.190262e-02	 1.751538e-01	-7.720145e-04	 2.287447e-02	
 9.179885e-07	 1.102610e-04	 2.876349e-02	 1.782714e-04	 3.297678e-13	 6.607620e-06	 1.271370e-02	 1.013805e-03	-1.406946e-03	-8.134364e-03	 5.607871e-05	-7.347937e-04	 4.224376e-02	-1.236310e-02	-1.119677e-02	-1.364639e-03	 2.911070e-03	-3.901796e-04	 8.648996e-04	-1.819007e-03	 1.076123e-04	 3.153923e-06	 3.301951e-06	-3.899122e-06	 5.636219e-06	-2.121036e-05	 2.340645e-06	 3.400301e-05	 1.587326e-05	 2.484638e-05	 4.119674e-05	 6.660997e-05	 2.928174e-04	 1.297484e-06	-9.944361e-07	-3.812721e-06	 8.656092e-04	-5.220736e-02	-3.996403e-06	 2.505561e-04	-2.381324e-05	 2.387077e-05	-3.313117e-03	-7.720145e-04	 1.010799e-03	 1.417761e-03	
 1.182994e-05	 2.182296e-05	 2.240864e-02	 5.439370e-04	-6.976790e-14	 1.637126e-04	 5.813134e-02	 1.411017e-03	-1.939705e-02	 1.355319e-01	-3.088548e-03	-3.903100e-02	 5.204194e-01	 1.759123e-01	-1.138459e-01	-2.169764e-01	 7.087259e-02	 6.210875e-03	 9.185929e-03	 2.881758e-02	 2.501069e-02	 3.667005e-05	 4.333091e-05	-1.110698e-05	 3.581867e-05	-1.408687e-04	-2.607269e-04	 9.909119e-05	 1.416483e-05	 1.633168e-05	 1.456660e-04	-2.758246e-04	-7.428793e-04	 2.609331e-06	 1.564865e-05	 5.213346e-06	 6.391827e-04	-2.044341e-02	 8.227963e-06	-5.405290e-05	-1.219040e-04	 1.219499e-04	-2.501025e-02	 2.287447e-02	 1.417761e-03	 1.922804e-02	
