#          omega_b,        omega_cdm,      100*theta_s,     ln10^{10}A_s,              n_s,         tau_reio,        A_cib_217,        xi_sz_cib,             A_sz,     ps_A_100_100,     ps_A_143_143,     ps_A_143_217,     ps_A_217_217,         ksz_norm,     gal545_A_100,     gal545_A_143, gal545_A_143_217,     gal545_A_217,    galf_TE_A_100, galf_TE_A_100_143, galf_TE_A_100_217,    galf_TE_A_143, galf_TE_A_143_217,    galf_TE_A_217,       calib_100T,       calib_217T,         A_planck,           z_reio,     Omega_Lambda,              YHe,               H0,              A_s,           sigma8
 1.838452e-08	-5.855070e-08	 6.096961e-09	 3.580711e-07	 1.700680e-07	 2.036630e-07	-7.180646e-05	 8.743827e-07	 2.187592e-05	-4.114408e-04	-2.070200e-04	-5.397157e-05	 1.905007e-05	-4.073485e-05	-1.643431e-06	-6.687701e-06	-1.071515e-05	 2.444881e-06	-4.792953e-08	-2.273091e-08	 1.993867e-07	-1.121586e-07	-4.256584e-07	-1.370766e-06	 2.296628e-09	-9.119030e-10	 4.326507e-09	 1.528766e-05	 4.518445e-07	 7.822862e-09	 3.957184e-05	 7.566935e-16	-6.868160e-08	
-5.855070e-08	 9.088668e-07	-2.805494e-08	-3.618013e-06	-2.245863e-06	-2.669441e-06	 1.996329e-04	-9.026381e-07	-6.078604e-05	 1.412000e-03	 7.635860e-04	 3.212141e-04	 1.903030e-05	 9.965589e-05	-1.186369e-05	 2.531657e-05	 4.324023e-05	-3.275044e-05	-5.394656e-07	-2.319351e-07	 7.750278e-07	 8.761921e-07	 1.965984e-06	 7.747312e-06	-8.429232e-09	 2.042284e-09	-2.017848e-07	-2.397732e-04	-5.405739e-06	-2.491434e-08	-3.857412e-04	-7.644503e-15	 1.121306e-06	
 6.096961e-09	-2.805494e-08	 8.082583e-08	 4.248804e-07	 1.838079e-07	 1.887152e-07	 1.409270e-05	-7.190088e-07	 2.601654e-06	-1.244134e-04	-9.489574e-06	 2.392282e-06	 3.762703e-07	-1.525368e-06	-3.085484e-07	 7.097975e-07	-2.820196e-06	-1.064256e-05	-2.645386e-08	-3.440218e-08	 3.979028e-07	-2.291433e-07	-4.859616e-07	-1.991939e-06	-3.654166e-09	 3.032249e-10	 2.158665e-08	 1.707222e-05	 4.396038e-07	 2.595334e-09	 4.258434e-05	 8.994650e-16	 1.828850e-07	
 3.580711e-07	-3.618013e-06	 4.248804e-07	 2.145984e-04	 1.372989e-05	 1.019803e-04	-1.989271e-03	 5.058830e-05	 7.604652e-04	-1.532744e-02	-6.314029e-03	 1.113905e-03	 4.487900e-03	-2.539971e-03	-1.070755e-04	-1.137398e-03	-1.622942e-03	 5.012499e-04	 1.721894e-06	-5.089333e-06	 6.511646e-06	-1.497603e-05	-8.417551e-06	-6.502149e-05	 7.691228e-10	-3.128372e-08	 9.098536e-06	 1.010335e-02	 2.327844e-05	 1.524900e-07	 1.752973e-03	 4.532441e-13	 7.793996e-05	
 1.700680e-07	-2.245863e-06	 1.838079e-07	 1.372989e-05	 1.465672e-05	 9.593658e-06	-4.513114e-03	 9.370318e-05	 9.506377e-04	-2.395196e-02	-6.453758e-03	 1.764920e-03	 5.324884e-03	-2.325031e-03	 3.337894e-04	-3.810500e-04	-3.558027e-04	 1.366334e-03	 5.979286e-07	 8.538959e-07	-4.893338e-06	 8.193760e-07	-3.939617e-06	-1.185534e-05	-5.117653e-08	-5.509131e-08	 5.876584e-07	 8.873576e-04	 1.386389e-05	 7.237165e-08	 1.014749e-03	 2.901786e-14	 1.954287e-06	
 2.036630e-07	-2.669441e-06	 1.887152e-07	 1.019803e-04	 9.593658e-06	 5.560892e-05	-1.159082e-03	-2.393317e-06	 4.329611e-04	-1.013001e-02	-4.970747e-03	-1.471531e-03	-5.848395e-04	-9.384664e-04	 1.467935e-04	-3.353150e-04	-6.477103e-04	-4.564894e-04	 4.244739e-07	-2.611594e-06	 3.348812e-06	-6.027112e-06	-4.397122e-06	-4.313478e-05	-5.442858e-08	-2.990148e-08	-9.733190e-07	 5.493424e-03	 1.640422e-05	 8.670738e-08	 1.197098e-03	 2.154234e-13	 3.461926e-05	
-7.180646e-05	 1.996329e-04	 1.409270e-05	-1.989271e-03	-4.513114e-03	-1.159082e-03	 4.369913e+01	-4.093948e-01	-7.472189e-01	 3.607074e+01	 1.326719e+00	-1.343715e+01	-5.399643e+01	-2.195230e-01	 9.072955e-02	 4.866182e-01	-5.690536e+00	-3.253416e+01	 2.280814e-03	-4.237131e-04	 7.827614e-04	-2.125696e-03	-7.520311e-04	-3.377007e-03	-1.507015e-04	 7.096093e-04	 6.891280e-04	-9.771685e-02	-1.488667e-03	-3.055631e-05	-1.314993e-01	-4.202556e-12	-1.210636e-03	
 8.743827e-07	-9.026381e-07	-7.190088e-07	 5.058830e-05	 9.370318e-05	-2.393317e-06	-4.093948e-01	 8.153652e-02	-3.945583e-02	-6.064150e-01	 9.296235e-01	 1.714510e+00	 6.733326e-01	 4.011858e-02	-3.997833e-03	 1.076844e-02	 1.130743e-01	 1.545585e-01	-1.055693e-04	 6.945283e-05	-2.186106e-05	 2.427217e-04	-3.902195e-05	-5.605277e-05	 2.341670e-06	-5.171045e-06	 6.942143e-06	-3.957845e-04	 8.271917e-06	 3.730221e-07	 8.702508e-04	 1.063267e-13	 4.194936e-05	
 2.187592e-05	-6.078604e-05	 2.601654e-06	 7.604652e-04	 9.506377e-04	 4.329611e-04	-7.472189e-01	-3.945583e-02	 3.872661e+00	-3.091765e+01	-3.278724e+00	 7.728797e+00	 5.318349e+00	-2.766041e+00	-2.317309e-01	 1.246514e-01	 2.616894e+00	 3.216839e+00	-5.885545e-05	-5.983675e-04	-1.876935e-04	-4.177155e-04	-3.967020e-03	-5.783100e-03	 9.504072e-05	-3.052376e-05	 3.247259e-06	 3.856134e-02	 4.751574e-04	 9.317672e-06	 4.236680e-02	 1.592745e-12	 3.071681e-04	
-4.114408e-04	 1.412000e-03	-1.244134e-04	-1.532744e-02	-2.395196e-02	-1.013001e-02	 3.607074e+01	-6.064150e-01	-3.091765e+01	 7.817827e+02	 6.868638e+01	-5.743992e+01	-6.301325e+01	 1.489491e+01	-6.565124e+00	 5.723957e+00	-1.236890e+01	-2.462541e+01	-1.817985e-03	 3.069930e-03	 2.820445e-02	 3.007281e-03	 3.181726e-02	 2.242627e-02	 3.478651e-03	 6.387539e-04	 3.277322e-03	-9.107121e-01	-1.063005e-02	-1.751535e-04	-9.178878e-01	-3.233392e-11	-7.222945e-03	
-2.070200e-04	 7.635860e-04	-9.489574e-06	-6.314029e-03	-6.453758e-03	-4.970747e-03	 1.326719e+00	 9.296235e-01	-3.278724e+00	 6.868638e+01	 6.117934e+01	 4.022831e+01	 1.549531e+01	-4.866975e+00	-6.124554e-01	-1.342400e+00	 3.377971e+00	 4.482002e+00	 1.333083e-03	 2.857762e-03	-3.741254e-03	 5.231590e-04	 3.111790e-03	 4.769279e-02	 1.529862e-05	 9.525768e-05	 9.432686e-04	-4.393626e-01	-5.470224e-03	-8.806398e-05	-4.629786e-01	-1.336091e-11	-1.132922e-03	
-5.397157e-05	 3.212141e-04	 2.392282e-06	 1.113905e-03	 1.764920e-03	-1.471531e-03	-1.343715e+01	 1.714510e+00	 7.728797e+00	-5.743992e+01	 4.022831e+01	 8.566116e+01	 5.376889e+01	-1.197730e+01	-9.389431e-01	-7.266080e-01	 5.163288e+00	 8.764122e+00	-2.376079e-03	-1.789589e-03	-1.594252e-03	 7.853313e-04	-1.203247e-02	 5.495060e-04	 3.272048e-04	-3.799806e-04	 8.231180e-04	-1.263821e-01	-2.067958e-03	-2.289555e-05	-1.628302e-01	 2.300291e-12	 2.296568e-03	
 1.905007e-05	 1.903030e-05	 3.762703e-07	 4.487900e-03	 5.324884e-03	-5.848395e-04	-5.399643e+01	 6.733326e-01	 5.318349e+00	-6.301325e+01	 1.549531e+01	 5.376889e+01	 1.025537e+02	-9.293540e+00	-6.537521e-01	-1.229966e+00	 5.444676e+00	 3.266589e+01	-3.525033e-03	-4.916286e-04	-2.603240e-03	 3.455467e-03	-2.902487e-03	 1.426857e-02	 3.719083e-04	-1.317499e-03	 1.327616e-03	-5.928373e-02	 2.293293e-05	 8.144908e-06	 1.033046e-02	 9.440961e-12	 3.439702e-03	
-4.073485e-05	 9.965589e-05	-1.525368e-06	-2.539971e-03	-2.325031e-03	-9.384664e-04	-2.195230e-01	 4.011858e-02	-2.766041e+00	 1.489491e+01	-4.866975e+00	-1.197730e+01	-9.293540e+00	 5.939199e+00	 1.454696e-01	-1.525418e-01	-2.080716e+00	-2.289480e+00	 4.475404e-05	 2.752792e-04	 1.730246e-03	-4.251593e-04	 3.380746e-03	-2.202818e-03	-6.861400e-05	-1.382594e-05	-5.252022e-05	-8.471516e-02	-8.018512e-04	-1.734916e-05	-7.293579e-02	-5.342416e-12	-1.241238e-03	
-1.643431e-06	-1.186369e-05	-3.085484e-07	-1.070755e-04	 3.337894e-04	 1.467935e-04	 9.072955e-02	-3.997833e-03	-2.317309e-01	-6.565124e+00	-6.124554e-01	-9.389431e-01	-6.537521e-01	 1.454696e-01	 3.332873e+00	 5.595878e-01	 1.344987e-01	 7.580292e-02	-9.142100e-05	 1.459505e-04	-3.434092e-03	 3.880520e-04	-4.324599e-05	-2.637324e-03	 1.775477e-04	-1.098972e-05	-4.634541e-05	 1.528363e-02	 5.473640e-05	-6.989040e-07	 2.581211e-03	-2.259035e-13	 2.578540e-05	
-6.687701e-06	 2.531657e-05	 7.097975e-07	-1.137398e-03	-3.810500e-04	-3.353150e-04	 4.866182e-01	 1.076844e-02	 1.246514e-01	 5.723957e+00	-1.342400e+00	-7.266080e-01	-1.229966e+00	-1.525418e-01	 5.595878e-01	 3.194709e+00	 2.669024e+00	 2.624229e+00	-2.109322e-04	-4.719761e-04	-3.132446e-04	 9.150606e-04	-1.053721e-03	-8.675063e-03	-1.742823e-04	-5.221071e-05	 1.923082e-05	-3.191775e-02	-1.766328e-04	-2.843672e-06	-1.484412e-02	-2.403362e-12	-4.643890e-04	
-1.071515e-05	 4.324023e-05	-2.820196e-06	-1.622942e-03	-3.558027e-04	-6.477103e-04	-5.690536e+00	 1.130743e-01	 2.616894e+00	-1.236890e+01	 3.377971e+00	 5.163288e+00	 5.444676e+00	-2.080716e+00	 1.344987e-01	 2.669024e+00	 1.049552e+01	 1.874051e+01	 8.840301e-04	 4.126084e-04	-6.420726e-04	 1.133924e-03	-2.215955e-03	 1.807058e-03	-3.542913e-05	 3.926255e-04	 1.177300e-05	-6.114035e-02	-3.106006e-04	-4.551480e-06	-2.605203e-02	-3.442505e-12	-5.816151e-04	
 2.444881e-06	-3.275044e-05	-1.064256e-05	 5.012499e-04	 1.366334e-03	-4.564894e-04	-3.253416e+01	 1.545585e-01	 3.216839e+00	-2.462541e+01	 4.482002e+00	 8.764122e+00	 3.266589e+01	-2.289480e+00	 7.580292e-02	 2.624229e+00	 1.874051e+01	 5.237645e+01	 1.300609e-03	 5.475081e-04	 1.443485e-03	 7.750407e-04	-2.655393e-03	 1.146156e-02	 2.006470e-05	 9.350594e-04	 7.803558e-04	-4.542727e-02	 1.632691e-04	 1.056949e-06	 1.018843e-02	 1.040009e-12	 4.916896e-04	
-4.792953e-08	-5.394656e-07	-2.645386e-08	 1.721894e-06	 5.979286e-07	 4.244739e-07	 2.280814e-03	-1.055693e-04	-5.885545e-05	-1.817985e-03	 1.333083e-03	-2.376079e-03	-3.525033e-03	 4.475404e-05	-9.142100e-05	-2.109322e-04	 8.840301e-04	 1.300609e-03	 1.421964e-03	 2.549392e-04	 5.835476e-05	-3.719333e-04	-9.409117e-05	-1.536822e-04	-5.846517e-08	 2.506406e-07	 1.004549e-06	 5.227408e-05	 2.556488e-06	-2.054251e-08	 1.392632e-04	 3.592483e-15	-7.723855e-07	
-2.273091e-08	-2.319351e-07	-3.440218e-08	-5.089333e-06	 8.538959e-07	-2.611594e-06	-4.237131e-04	 6.945283e-05	-5.983675e-04	 3.069930e-03	 2.857762e-03	-1.789589e-03	-4.916286e-04	 2.752792e-04	 1.459505e-04	-4.719761e-04	 4.126084e-04	 5.475081e-04	 2.549392e-04	 8.656543e-04	 1.892216e-05	 7.554639e-04	 5.102508e-05	-7.696566e-04	 9.910568e-08	-3.713433e-08	 2.081442e-07	-2.630398e-04	 1.006368e-06	-9.830944e-09	 5.096379e-05	-1.072312e-14	-2.519279e-06	
 1.993867e-07	 7.750278e-07	 3.979028e-07	 6.511646e-06	-4.893338e-06	 3.348812e-06	 7.827614e-04	-2.186106e-05	-1.876935e-04	 2.820445e-02	-3.741254e-03	-1.594252e-03	-2.603240e-03	 1.730246e-03	-3.434092e-03	-3.132446e-04	-6.420726e-04	 1.443485e-03	 5.835476e-05	 1.892216e-05	 7.235660e-03	-3.592855e-04	 6.531163e-04	 4.435894e-03	 4.559401e-07	 3.368646e-07	-1.912867e-06	 2.994471e-04	-1.746586e-06	 8.459777e-08	 3.872846e-05	 1.380996e-14	 3.334994e-06	
-1.121586e-07	 8.761921e-07	-2.291433e-07	-1.497603e-05	 8.193760e-07	-6.027112e-06	-2.125696e-03	 2.427217e-04	-4.177155e-04	 3.007281e-03	 5.231590e-04	 7.853313e-04	 3.455467e-03	-4.251593e-04	 3.880520e-04	 9.150606e-04	 1.133924e-03	 7.750407e-04	-3.719333e-04	 7.554639e-04	-3.592855e-04	 2.955564e-03	 5.220351e-04	-1.187350e-03	-9.310233e-09	 9.701572e-08	-2.196519e-06	-5.743388e-04	-6.220649e-06	-4.774503e-08	-4.879285e-04	-3.146119e-14	-2.635158e-06	
-4.256584e-07	 1.965984e-06	-4.859616e-07	-8.417551e-06	-3.939617e-06	-4.397122e-06	-7.520311e-04	-3.902195e-05	-3.967020e-03	 3.181726e-02	 3.111790e-03	-1.203247e-02	-2.902487e-03	 3.380746e-03	-4.324599e-05	-1.053721e-03	-2.215955e-03	-2.655393e-03	-9.409117e-05	 5.102508e-05	 6.531163e-04	 5.220351e-04	 6.446572e-03	 7.691337e-03	 8.558279e-07	 8.007655e-08	-4.759224e-07	-3.143823e-04	-1.487239e-05	-1.812310e-07	-1.247600e-03	-1.781781e-14	 3.280946e-06	
-1.370766e-06	 7.747312e-06	-1.991939e-06	-6.502149e-05	-1.185534e-05	-4.313478e-05	-3.377007e-03	-5.605277e-05	-5.783100e-03	 2.242627e-02	 4.769279e-02	 5.495060e-04	 1.426857e-02	-2.202818e-03	-2.637324e-03	-8.675063e-03	 1.807058e-03	 1.146156e-02	-1.536822e-04	-7.696566e-04	 4.435894e-03	-1.187350e-03	 7.691337e-03	 7.149201e-02	 8.404333e-07	-8.667763e-08	 6.207874e-06	-3.927978e-03	-5.696660e-05	-5.835106e-07	-4.665709e-03	-1.373698e-13	-2.372368e-07	
 2.296628e-09	-8.429232e-09	-3.654166e-09	 7.691228e-10	-5.117653e-08	-5.442858e-08	-1.507015e-04	 2.341670e-06	 9.504072e-05	 3.478651e-03	 1.529862e-05	 3.272048e-04	 3.719083e-04	-6.861400e-05	 1.775477e-04	-1.742823e-04	-3.542913e-05	 2.006470e-05	-5.846517e-08	 9.910568e-08	 4.559401e-07	-9.310233e-09	 8.558279e-07	 8.404333e-07	 3.621674e-07	 2.961786e-09	-5.096304e-09	-6.061473e-06	 4.887233e-08	 9.768370e-10	 3.852588e-06	 4.221517e-20	-5.639604e-08	
-9.119030e-10	 2.042284e-09	 3.032249e-10	-3.128372e-08	-5.509131e-08	-2.990148e-08	 7.096093e-04	-5.171045e-06	-3.052376e-05	 6.387539e-04	 9.525768e-05	-3.799806e-04	-1.317499e-03	-1.382594e-05	-1.098972e-05	-5.221071e-05	 3.926255e-04	 9.350594e-04	 2.506406e-07	-3.713433e-08	 3.368646e-07	 9.701572e-08	 8.007655e-08	-8.667763e-08	 2.961786e-09	 3.846599e-07	 1.004939e-08	-2.949619e-06	-1.543746e-08	-3.868217e-10	-1.460279e-06	-6.583979e-17	-1.842764e-08	
 4.326507e-09	-2.017848e-07	 2.158665e-08	 9.098536e-06	 5.876584e-07	-9.733190e-07	 6.891280e-04	 6.942143e-06	 3.247259e-06	 3.277322e-03	 9.432686e-04	 8.231180e-04	 1.327616e-03	-5.252022e-05	-4.634541e-05	 1.923082e-05	 1.177300e-05	 7.803558e-04	 1.004549e-06	 2.081442e-07	-1.912867e-06	-2.196519e-06	-4.759224e-07	 6.207874e-06	-5.096304e-09	 1.004939e-08	 5.788216e-06	-1.000695e-04	 1.200239e-06	 1.860136e-09	 8.266410e-05	 1.919019e-14	 3.196099e-06	
 1.528766e-05	-2.397732e-04	 1.707222e-05	 1.010335e-02	 8.873576e-04	 5.493424e-03	-9.771685e-02	-3.957845e-04	 3.856134e-02	-9.107121e-01	-4.393626e-01	-1.263821e-01	-5.928373e-02	-8.471516e-02	 1.528363e-02	-3.191775e-02	-6.114035e-02	-4.542727e-02	 5.227408e-05	-2.630398e-04	 2.994471e-04	-5.743388e-04	-3.143823e-04	-3.927978e-03	-6.061473e-06	-2.949619e-06	-1.000695e-04	 5.448341e-01	 1.455626e-03	 6.509880e-06	 1.048162e-01	 2.133484e-11	 3.511772e-03	
 4.518445e-07	-5.405739e-06	 4.396038e-07	 2.327844e-05	 1.386389e-05	 1.640422e-05	-1.488667e-03	 8.271917e-06	 4.751574e-04	-1.063005e-02	-5.470224e-03	-2.067958e-03	 2.293293e-05	-8.018512e-04	 5.473640e-05	-1.766328e-04	-3.106006e-04	 1.632691e-04	 2.556488e-06	 1.006368e-06	-1.746586e-06	-6.220649e-06	-1.487239e-05	-5.696660e-05	 4.887233e-08	-1.543746e-08	 1.200239e-06	 1.455626e-03	 3.363692e-05	 1.922753e-07	 2.479681e-03	 4.918894e-14	-5.966842e-06	
 7.822862e-09	-2.491434e-08	 2.595334e-09	 1.524900e-07	 7.237165e-08	 8.670738e-08	-3.055631e-05	 3.730221e-07	 9.317672e-06	-1.751535e-04	-8.806398e-05	-2.289555e-05	 8.144908e-06	-1.734916e-05	-6.989040e-07	-2.843672e-06	-4.551480e-06	 1.056949e-06	-2.054251e-08	-9.830944e-09	 8.459777e-08	-4.774503e-08	-1.812310e-07	-5.835106e-07	 9.768370e-10	-3.868217e-10	 1.860136e-09	 6.509880e-06	 1.922753e-07	 3.328775e-09	 1.683863e-05	 3.222484e-16	-2.916911e-08	
 3.957184e-05	-3.857412e-04	 4.258434e-05	 1.752973e-03	 1.014749e-03	 1.197098e-03	-1.314993e-01	 8.702508e-04	 4.236680e-02	-9.178878e-01	-4.629786e-01	-1.628302e-01	 1.033046e-02	-7.293579e-02	 2.581211e-03	-1.484412e-02	-2.605203e-02	 1.018843e-02	 1.392632e-04	 5.096379e-05	 3.872846e-05	-4.879285e-04	-1.247600e-03	-4.665709e-03	 3.852588e-06	-1.460279e-06	 8.266410e-05	 1.048162e-01	 2.479681e-03	 1.683863e-05	 1.873802e-01	 3.704634e-12	-4.003615e-04	
 7.566935e-16	-7.644503e-15	 8.994650e-16	 4.532441e-13	 2.901786e-14	 2.154234e-13	-4.202556e-12	 1.063267e-13	 1.592745e-12	-3.233392e-11	-1.336091e-11	 2.300291e-12	 9.440961e-12	-5.342416e-12	-2.259035e-13	-2.403362e-12	-3.442505e-12	 1.040009e-12	 3.592483e-15	-1.072312e-14	 1.380996e-14	-3.146119e-14	-1.781781e-14	-1.373698e-13	 4.221517e-20	-6.583979e-17	 1.919019e-14	 2.133484e-11	 4.918894e-14	 3.222484e-16	 3.704634e-12	 9.573896e-22	 1.646164e-13	
-6.868160e-08	 1.121306e-06	 1.828850e-07	 7.793996e-05	 1.954287e-06	 3.461926e-05	-1.210636e-03	 4.194936e-05	 3.071681e-04	-7.222945e-03	-1.132922e-03	 2.296568e-03	 3.439702e-03	-1.241238e-03	 2.578540e-05	-4.643890e-04	-5.816151e-04	 4.916896e-04	-7.723855e-07	-2.519279e-06	 3.334994e-06	-2.635158e-06	 3.280946e-06	-2.372368e-07	-5.639604e-08	-1.842764e-08	 3.196099e-06	 3.511772e-03	-5.966842e-06	-2.916911e-08	-4.003615e-04	 1.646164e-13	 3.641971e-05	
