#          omega_b,        omega_cdm,      100*theta_s,     ln10^{10}A_s,              n_s,         tau_reio,        A_cib_217,        xi_sz_cib,             A_sz,     ps_A_100_100,     ps_A_143_143,     ps_A_143_217,     ps_A_217_217,         ksz_norm,     gal545_A_100,     gal545_A_143, gal545_A_143_217,     gal545_A_217,    galf_TE_A_100, galf_TE_A_100_143, galf_TE_A_100_217,    galf_TE_A_143, galf_TE_A_143_217,    galf_TE_A_217,       calib_100T,       calib_217T,         A_planck,           z_reio,     Omega_Lambda,              YHe,               H0,              A_s,           sigma8
 2.074235e-08	-9.771630e-08	 9.014952e-09	 4.720996e-07	 2.533771e-07	 2.909257e-07	-7.857985e-05	 2.345256e-06	 4.150687e-06	-2.574821e-04	-1.708786e-04	-5.771023e-05	 1.108619e-05	-3.898424e-05	-3.424747e-06	-8.112268e-06	-1.819520e-05	 1.300608e-06	 3.810522e-08	-7.518103e-08	-1.016431e-07	-2.314710e-07	-5.222471e-07	-2.176241e-06	 2.793750e-09	-1.358225e-09	 1.592596e-08	 2.365721e-05	 6.996535e-07	 8.847221e-09	 5.628589e-05	 9.932995e-16	-1.277479e-07	
-9.771630e-08	 1.518072e-06	-8.385409e-08	-4.776841e-06	-3.526174e-06	-3.849412e-06	 2.905213e-04	-8.704583e-06	-4.128066e-05	 1.427044e-03	 8.559476e-04	 3.989294e-04	 1.331994e-04	 1.018694e-04	-1.052485e-06	 2.710984e-05	 2.546454e-05	-8.471606e-05	 7.628344e-08	 3.307208e-07	 1.081555e-06	 2.002485e-06	 4.073406e-06	 1.686512e-05	-2.273613e-09	 2.016713e-09	-2.803530e-07	-3.486939e-04	-9.268586e-06	-4.167883e-08	-6.517482e-04	-1.005349e-14	 2.311848e-06	
 9.014952e-09	-8.385409e-08	 8.876649e-08	 5.713983e-07	 2.875228e-07	 3.133137e-07	 3.201640e-05	-8.644294e-07	 1.329653e-05	-1.394750e-04	-2.766736e-05	-3.376970e-05	-4.355557e-05	 2.792067e-06	 6.180192e-06	 5.568942e-06	 1.721038e-05	 9.112327e-06	-5.055817e-08	-1.387766e-07	-4.478056e-07	-2.105993e-07	-5.192351e-07	-2.582625e-06	 1.413397e-09	 1.460195e-09	 3.131676e-08	 2.888040e-05	 7.996662e-07	 3.844622e-09	 6.739041e-05	 1.203820e-15	 9.017182e-08	
 4.720996e-07	-4.776841e-06	 5.713983e-07	 1.977072e-04	 1.493719e-05	 9.365808e-05	-2.657131e-03	 1.128472e-04	-6.875703e-05	-5.972445e-03	-3.154571e-03	 1.085986e-03	 5.209812e-03	-2.648075e-03	-2.007813e-04	-7.825959e-04	-9.367660e-04	 1.870765e-03	 4.036536e-06	 9.807735e-07	-2.639382e-06	-1.035761e-05	-6.274765e-06	-8.446777e-05	 1.847037e-07	 8.693230e-08	 9.842639e-06	 9.413251e-03	 3.117990e-05	 2.014114e-07	 2.303227e-03	 4.159308e-13	 6.764457e-05	
 2.533771e-07	-3.526174e-06	 2.875228e-07	 1.493719e-05	 1.755348e-05	 1.146725e-05	-4.000600e-03	 1.175955e-04	-5.920275e-05	-1.360495e-02	-2.766343e-03	 2.300050e-03	 5.444446e-03	-3.070574e-03	 3.078422e-04	-4.097118e-04	-9.179835e-04	 3.967022e-04	 3.349990e-08	 2.323575e-07	-2.296810e-06	-4.673513e-06	-1.093043e-05	-4.690507e-05	-9.717271e-08	-4.128797e-08	 6.167877e-07	 1.063274e-03	 2.197816e-05	 1.080538e-07	 1.569311e-03	 3.143178e-14	-9.788020e-07	
 2.909257e-07	-3.849412e-06	 3.133137e-07	 9.365808e-05	 1.146725e-05	 5.260155e-05	-1.591088e-03	 4.534127e-05	 3.015061e-04	-9.445927e-03	-4.449370e-03	-1.529061e-03	-8.191978e-04	-7.296325e-04	 7.494773e-05	-1.295626e-04	-1.412083e-04	 3.770832e-04	 1.386071e-06	 1.481255e-06	-1.341719e-06	-4.498451e-06	-5.606675e-06	-6.118427e-05	 9.749232e-09	 3.871082e-08	-8.922041e-07	 5.264239e-03	 2.409994e-05	 1.241143e-07	 1.725297e-03	 1.970370e-13	 2.791413e-05	
-7.857985e-05	 2.905213e-04	 3.201640e-05	-2.657131e-03	-4.000600e-03	-1.591088e-03	 4.488443e+01	-4.739036e-01	-9.870899e-01	 3.987964e+01	 2.955735e+00	-1.353552e+01	-5.363473e+01	-1.368820e+00	 2.530038e-01	 4.387222e-01	-6.309821e+00	-3.379283e+01	-1.323571e-03	-8.357263e-04	-1.980670e-03	-7.499837e-04	 1.499084e-03	 1.132795e-02	-2.391527e-04	 7.213911e-04	 6.417644e-04	-1.418880e-01	-2.000486e-03	-3.354204e-05	-1.631525e-01	-5.578966e-12	-9.957218e-04	
 2.345256e-06	-8.704583e-06	-8.644294e-07	 1.128472e-04	 1.175955e-04	 4.534127e-05	-4.739036e-01	 8.123124e-02	-3.484824e-02	-7.879615e-01	 1.074684e+00	 2.041452e+00	 7.808114e-01	 3.942032e-02	-7.157299e-03	 1.310426e-02	 1.389306e-01	 1.874375e-01	 8.284789e-05	 1.061998e-04	-6.357682e-05	 1.135886e-04	-6.977601e-05	 2.948370e-04	 4.329042e-06	-3.029871e-06	-5.847142e-06	 4.172420e-03	 5.986128e-05	 1.000486e-06	 4.923490e-03	 2.353359e-13	 4.248781e-05	
 4.150687e-06	-4.128066e-05	 1.329653e-05	-6.875703e-05	-5.920275e-05	 3.015061e-04	-9.870899e-01	-3.484824e-02	 3.606875e+00	-3.315126e+01	-8.008535e+00	 2.314331e+00	 9.443177e-01	-1.064940e-02	-1.920943e-01	 3.207822e-02	 2.243708e+00	 2.894313e+00	-5.699755e-04	-5.435918e-04	 1.639116e-03	-8.663915e-04	-7.894824e-04	-1.523178e-03	 1.072093e-04	-4.310225e-05	-9.280087e-06	 2.951199e-02	 2.956118e-04	 1.769550e-06	 2.274311e-02	-1.401573e-13	-1.858441e-04	
-2.574821e-04	 1.427044e-03	-1.394750e-04	-5.972445e-03	-1.360495e-02	-9.445927e-03	 3.987964e+01	-7.879615e-01	-3.315126e+01	 8.623965e+02	 1.254369e+02	-1.205567e+01	-1.775410e+01	-1.508553e+01	-5.974174e+00	 6.729420e+00	-1.205593e+01	-2.408803e+01	 4.006783e-03	 4.761089e-03	-1.360560e-02	 7.070257e-03	 8.053363e-03	 5.265197e-02	 3.477943e-03	 7.639512e-04	 3.811067e-03	-8.902041e-01	-9.936367e-03	-1.098792e-04	-7.840418e-01	-1.258669e-11	-9.618043e-04	
-1.708786e-04	 8.559476e-04	-2.766736e-05	-3.154571e-03	-2.766343e-03	-4.449370e-03	 2.955735e+00	 1.074684e+00	-8.008535e+00	 1.254369e+02	 9.086704e+01	 5.891581e+01	 2.949746e+01	-1.373192e+01	-1.609779e-01	-1.209577e+00	 1.076214e+00	 6.163031e-01	 2.334639e-03	 3.393676e-03	-5.694010e-03	 5.999052e-03	-3.089659e-03	 2.359157e-02	-1.962480e-05	 1.843790e-04	 5.184524e-04	-4.007013e-01	-5.900589e-03	-7.287148e-05	-4.659311e-01	-6.688515e-12	 1.352023e-03	
-5.771023e-05	 3.989294e-04	-3.376970e-05	 1.085986e-03	 2.300050e-03	-1.529061e-03	-1.353552e+01	 2.041452e+00	 2.314331e+00	-1.205567e+01	 5.891581e+01	 9.493731e+01	 5.564391e+01	-1.195069e+01	-5.773825e-01	-8.797209e-01	 2.291159e+00	 4.365343e+00	 1.214621e-03	 1.629208e-03	-1.543765e-03	 5.178254e-03	-4.220668e-03	 1.051033e-02	 3.207983e-04	-3.171152e-04	 2.570332e-04	-1.321480e-01	-2.697292e-03	-2.461412e-05	-2.034512e-01	 2.236619e-12	 2.643207e-03	
 1.108619e-05	 1.331994e-04	-4.355557e-05	 5.209812e-03	 5.444446e-03	-8.191978e-04	-5.363473e+01	 7.808114e-01	 9.443177e-01	-1.775410e+01	 2.949746e+01	 5.564391e+01	 1.049363e+02	-1.072533e+01	-5.462977e-01	-1.324676e+00	 3.194000e+00	 3.017223e+01	 1.600492e-03	 1.382122e-06	 1.160185e-03	 1.579698e-03	-1.894713e-04	-3.374276e-03	 3.951867e-04	-1.279899e-03	 1.251660e-03	-8.343725e-02	-8.198459e-04	 4.747135e-06	-5.065422e-02	 1.095122e-11	 4.120545e-03	
-3.898424e-05	 1.018694e-04	 2.792067e-06	-2.648075e-03	-3.070574e-03	-7.296325e-04	-1.368820e+00	 3.942032e-02	-1.064940e-02	-1.508553e+01	-1.373192e+01	-1.195069e+01	-1.072533e+01	 7.641601e+00	-7.133955e-03	-6.421969e-02	-2.734302e-01	 6.918329e-02	-6.668238e-04	-3.547534e-04	 2.663936e-04	 6.727369e-04	 3.478209e-03	 7.594011e-03	-2.052836e-05	-4.058630e-05	 1.694377e-05	-6.479862e-02	-7.936819e-04	-1.661892e-05	-7.067238e-02	-5.568340e-12	-1.513533e-03	
-3.424747e-06	-1.052485e-06	 6.180192e-06	-2.007813e-04	 3.078422e-04	 7.494773e-05	 2.530038e-01	-7.157299e-03	-1.920943e-01	-5.974174e+00	-1.609779e-01	-5.773825e-01	-5.462977e-01	-7.133955e-03	 3.315315e+00	 5.173162e-01	 1.310901e-01	 1.856666e-02	-4.455502e-04	 3.542176e-04	 2.004805e-03	-4.474275e-04	-1.906708e-03	-4.798832e-03	 1.769608e-04	 6.314687e-06	-4.759969e-05	 8.163692e-03	 6.314467e-06	-1.453268e-06	-7.811735e-04	-4.191253e-13	 3.084023e-05	
-8.112268e-06	 2.710984e-05	 5.568942e-06	-7.825959e-04	-4.097118e-04	-1.295626e-04	 4.387222e-01	 1.310426e-02	 3.207822e-02	 6.729420e+00	-1.209577e+00	-8.797209e-01	-1.324676e+00	-6.421969e-02	 5.173162e-01	 3.106726e+00	 2.623985e+00	 2.694977e+00	 6.101207e-04	-4.042705e-04	 6.076337e-04	-8.190236e-04	-1.163832e-03	 1.354364e-03	-1.770672e-04	-3.980396e-05	-1.139326e-05	-1.138147e-02	-1.830931e-04	-3.463423e-06	-1.512981e-02	-1.639989e-12	-3.143470e-04	
-1.819520e-05	 2.546454e-05	 1.721038e-05	-9.367660e-04	-9.179835e-04	-1.412083e-04	-6.309821e+00	 1.389306e-01	 2.243708e+00	-1.205593e+01	 1.076214e+00	 2.291159e+00	 3.194000e+00	-2.734302e-01	 1.310901e-01	 2.623985e+00	 1.043002e+01	 1.906452e+01	 1.303865e-03	 2.904865e-04	 8.378963e-04	-1.753792e-03	-4.514527e-03	 8.602450e-03	-9.261925e-06	 3.991855e-04	 3.202775e-05	-9.320820e-03	-1.992402e-04	-7.759696e-06	-1.994386e-02	-1.975174e-12	-4.848490e-04	
 1.300608e-06	-8.471606e-05	 9.112327e-06	 1.870765e-03	 3.967022e-04	 3.770832e-04	-3.379283e+01	 1.874375e-01	 2.894313e+00	-2.408803e+01	 6.163031e-01	 4.365343e+00	 3.017223e+01	 6.918329e-02	 1.856666e-02	 2.694977e+00	 1.906452e+01	 5.365121e+01	 2.727757e-03	 3.772774e-04	 3.270361e-03	-2.821780e-03	-1.072293e-02	 7.142071e-03	 1.290604e-04	 9.233841e-04	 8.707105e-04	 3.824127e-02	 5.084712e-04	 5.710117e-07	 3.385475e-02	 3.918871e-12	 6.067541e-04	
 3.810522e-08	 7.628344e-08	-5.055817e-08	 4.036536e-06	 3.349990e-08	 1.386071e-06	-1.323571e-03	 8.284789e-05	-5.699755e-04	 4.006783e-03	 2.334639e-03	 1.214621e-03	 1.600492e-03	-6.668238e-04	-4.455502e-04	 6.101207e-04	 1.303865e-03	 2.727757e-03	 1.432399e-03	 2.738487e-04	 9.822046e-05	-3.556229e-04	-1.300183e-04	-1.718540e-04	-2.721479e-08	 1.679234e-07	 5.871541e-07	 1.350844e-04	-3.305283e-07	 1.635810e-08	-8.581785e-06	 8.476133e-15	 1.709242e-06	
-7.518103e-08	 3.307208e-07	-1.387766e-07	 9.807735e-07	 2.323575e-07	 1.481255e-06	-8.357263e-04	 1.061998e-04	-5.435918e-04	 4.761089e-03	 3.393676e-03	 1.629208e-03	 1.382122e-06	-3.547534e-04	 3.542176e-04	-4.042705e-04	 2.904865e-04	 3.772774e-04	 2.738487e-04	 8.742142e-04	 3.506717e-05	 7.299628e-04	 1.685998e-05	-7.977005e-04	 2.322944e-08	-3.638554e-08	-1.281349e-06	 1.776473e-04	-2.785296e-06	-3.209830e-08	-2.294121e-04	 1.999836e-15	 1.692990e-06	
-1.016431e-07	 1.081555e-06	-4.478056e-07	-2.639382e-06	-2.296810e-06	-1.341719e-06	-1.980670e-03	-6.357682e-05	 1.639116e-03	-1.360560e-02	-5.694010e-03	-1.543765e-03	 1.160185e-03	 2.663936e-04	 2.004805e-03	 6.076337e-04	 8.378963e-04	 3.270361e-03	 9.822046e-05	 3.506717e-05	 7.260053e-03	-3.077323e-04	 6.513909e-04	 4.749100e-03	 3.620222e-07	 5.462281e-07	-7.626627e-07	-1.315034e-04	-8.144113e-06	-4.359545e-08	-6.177464e-04	-5.439567e-15	 1.678723e-06	
-2.314710e-07	 2.002485e-06	-2.105993e-07	-1.035761e-05	-4.673513e-06	-4.498451e-06	-7.499837e-04	 1.135886e-04	-8.663915e-04	 7.070257e-03	 5.999052e-03	 5.178254e-03	 1.579698e-03	 6.727369e-04	-4.474275e-04	-8.190236e-04	-1.753792e-03	-2.821780e-03	-3.556229e-04	 7.299628e-04	-3.077323e-04	 2.847802e-03	 5.140786e-04	-8.988468e-04	 3.031200e-07	-2.421392e-07	-2.926087e-06	-3.821958e-04	-1.331411e-05	-9.888285e-08	-9.817948e-04	-2.174210e-14	 1.620636e-06	
-5.222471e-07	 4.073406e-06	-5.192351e-07	-6.274765e-06	-1.093043e-05	-5.606675e-06	 1.499084e-03	-6.977601e-05	-7.894824e-04	 8.053363e-03	-3.089659e-03	-4.220668e-03	-1.894713e-04	 3.478209e-03	-1.906708e-03	-1.163832e-03	-4.514527e-03	-1.072293e-02	-1.300183e-04	 1.685998e-05	 6.513909e-04	 5.140786e-04	 6.371843e-03	 7.928132e-03	-7.225432e-08	-6.722747e-07	-1.847996e-06	-3.883056e-04	-2.741249e-05	-2.229184e-07	-2.084423e-03	-1.316890e-14	 9.192514e-06	
-2.176241e-06	 1.686512e-05	-2.582625e-06	-8.446777e-05	-4.690507e-05	-6.118427e-05	 1.132795e-02	 2.948370e-04	-1.523178e-03	 5.265197e-02	 2.359157e-02	 1.051033e-02	-3.374276e-03	 7.594011e-03	-4.798832e-03	 1.354364e-03	 8.602450e-03	 7.142071e-03	-1.718540e-04	-7.977005e-04	 4.749100e-03	-8.988468e-04	 7.928132e-03	 7.313519e-02	-1.534007e-06	 1.359596e-06	 2.195790e-06	-5.595535e-03	-1.149927e-04	-9.280122e-07	-8.784220e-03	-1.773018e-13	 1.344399e-05	
 2.793750e-09	-2.273613e-09	 1.413397e-09	 1.847037e-07	-9.717271e-08	 9.749232e-09	-2.391527e-04	 4.329042e-06	 1.072093e-04	 3.477943e-03	-1.962480e-05	 3.207983e-04	 3.951867e-04	-2.052836e-05	 1.769608e-04	-1.770672e-04	-9.261925e-06	 1.290604e-04	-2.721479e-08	 2.322944e-08	 3.620222e-07	 3.031200e-07	-7.225432e-08	-1.534007e-06	 3.735127e-07	 4.172349e-09	 1.419851e-08	 2.655397e-07	 3.474196e-08	 1.191968e-09	 3.817794e-06	 3.901677e-16	 2.813178e-08	
-1.358225e-09	 2.016713e-09	 1.460195e-09	 8.693230e-08	-4.128797e-08	 3.871082e-08	 7.213911e-04	-3.029871e-06	-4.310225e-05	 7.639512e-04	 1.843790e-04	-3.171152e-04	-1.279899e-03	-4.058630e-05	 6.314687e-06	-3.980396e-05	 3.991855e-04	 9.233841e-04	 1.679234e-07	-3.638554e-08	 5.462281e-07	-2.421392e-07	-6.722747e-07	 1.359596e-06	 4.172349e-09	 3.901035e-07	 4.058738e-09	 4.255341e-06	-1.579082e-08	-5.805845e-10	-1.430422e-06	 1.819055e-16	 3.532024e-08	
 1.592596e-08	-2.803530e-07	 3.131676e-08	 9.842639e-06	 6.167877e-07	-8.922041e-07	 6.417644e-04	-5.847142e-06	-9.280087e-06	 3.811067e-03	 5.184524e-04	 2.570332e-04	 1.251660e-03	 1.694377e-05	-4.759969e-05	-1.139326e-05	 3.202775e-05	 8.707105e-04	 5.871541e-07	-1.281349e-06	-7.626627e-07	-2.926087e-06	-1.847996e-06	 2.195790e-06	 1.419851e-08	 4.058738e-09	 6.105301e-06	-1.007167e-04	 1.743249e-06	 6.789674e-09	 1.239607e-04	 2.070827e-14	 3.220942e-06	
 2.365721e-05	-3.486939e-04	 2.888040e-05	 9.413251e-03	 1.063274e-03	 5.264239e-03	-1.418880e-01	 4.172420e-03	 2.951199e-02	-8.902041e-01	-4.007013e-01	-1.321480e-01	-8.343725e-02	-6.479862e-02	 8.163692e-03	-1.138147e-02	-9.320820e-03	 3.824127e-02	 1.350844e-04	 1.776473e-04	-1.315034e-04	-3.821958e-04	-3.883056e-04	-5.595535e-03	 2.655397e-07	 4.255341e-06	-1.007167e-04	 5.293831e-01	 2.168437e-03	 1.009389e-05	 1.539686e-01	 1.979647e-11	 2.924604e-03	
 6.996535e-07	-9.268586e-06	 7.996662e-07	 3.117990e-05	 2.197816e-05	 2.409994e-05	-2.000486e-03	 5.986128e-05	 2.956118e-04	-9.936367e-03	-5.900589e-03	-2.697292e-03	-8.198459e-04	-7.936819e-04	 6.314467e-06	-1.830931e-04	-1.992402e-04	 5.084712e-04	-3.305283e-07	-2.785296e-06	-8.144113e-06	-1.331411e-05	-2.741249e-05	-1.149927e-04	 3.474196e-08	-1.579082e-08	 1.743249e-06	 2.168437e-03	 5.815998e-05	 2.984311e-07	 4.168504e-03	 6.562014e-14	-1.328846e-05	
 8.847221e-09	-4.167883e-08	 3.844622e-09	 2.014114e-07	 1.080538e-07	 1.241143e-07	-3.354204e-05	 1.000486e-06	 1.769550e-06	-1.098792e-04	-7.287148e-05	-2.461412e-05	 4.747135e-06	-1.661892e-05	-1.453268e-06	-3.463423e-06	-7.759696e-06	 5.710117e-07	 1.635810e-08	-3.209830e-08	-4.359545e-08	-9.888285e-08	-2.229184e-07	-9.280122e-07	 1.191968e-09	-5.805845e-10	 6.789674e-09	 1.009389e-05	 2.984311e-07	 3.773643e-09	 2.400711e-05	 4.237655e-16	-5.446857e-08	
 5.628589e-05	-6.517482e-04	 6.739041e-05	 2.303227e-03	 1.569311e-03	 1.725297e-03	-1.631525e-01	 4.923490e-03	 2.274311e-02	-7.840418e-01	-4.659311e-01	-2.034512e-01	-5.065422e-02	-7.067238e-02	-7.811735e-04	-1.512981e-02	-1.994386e-02	 3.385475e-02	-8.581785e-06	-2.294121e-04	-6.177464e-04	-9.817948e-04	-2.084423e-03	-8.784220e-03	 3.817794e-06	-1.430422e-06	 1.239607e-04	 1.539686e-01	 4.168504e-03	 2.400711e-05	 3.033331e-01	 4.847731e-12	-9.007788e-04	
 9.932995e-16	-1.005349e-14	 1.203820e-15	 4.159308e-13	 3.143178e-14	 1.970370e-13	-5.578966e-12	 2.353359e-13	-1.401573e-13	-1.258669e-11	-6.688515e-12	 2.236619e-12	 1.095122e-11	-5.568340e-12	-4.191253e-13	-1.639989e-12	-1.975174e-12	 3.918871e-12	 8.476133e-15	 1.999836e-15	-5.439567e-15	-2.174210e-14	-1.316890e-14	-1.773018e-13	 3.901677e-16	 1.819055e-16	 2.070827e-14	 1.979647e-11	 6.562014e-14	 4.237655e-16	 4.847731e-12	 8.751170e-22	 1.423016e-13	
-1.277479e-07	 2.311848e-06	 9.017182e-08	 6.764457e-05	-9.788020e-07	 2.791413e-05	-9.957218e-04	 4.248781e-05	-1.858441e-04	-9.618043e-04	 1.352023e-03	 2.643207e-03	 4.120545e-03	-1.513533e-03	 3.084023e-05	-3.143470e-04	-4.848490e-04	 6.067541e-04	 1.709242e-06	 1.692990e-06	 1.678723e-06	 1.620636e-06	 9.192514e-06	 1.344399e-05	 2.813178e-08	 3.532024e-08	 3.220942e-06	 2.924604e-03	-1.328846e-05	-5.446857e-08	-9.007788e-04	 1.423016e-13	 3.538219e-05	
