#          omega_b,        omega_cdm,      100*theta_s,     ln10^{10}A_s,              n_s,         tau_reio,        A_cib_217,        xi_sz_cib,             A_sz,     ps_A_100_100,     ps_A_143_143,     ps_A_143_217,     ps_A_217_217,         ksz_norm,     gal545_A_100,     gal545_A_143, gal545_A_143_217,     gal545_A_217,       calib_100T,       calib_217T,         A_planck,           z_reio,     Omega_Lambda,              YHe,               H0,              A_s,           sigma8
 4.371369e-08	-1.421764e-07	 2.320159e-08	 8.532790e-07	 4.812090e-07	 4.896851e-07	-1.776235e-04	 2.979032e-06	 4.431982e-05	-8.563715e-04	-5.164802e-04	-1.791378e-04	-1.050367e-05	-6.801434e-05	 2.191889e-06	-6.189246e-06	-9.559681e-06	 5.419898e-05	 1.338778e-09	-4.186544e-09	 4.352161e-08	 3.945991e-05	 1.149173e-06	 1.878825e-08	 9.723653e-05	 1.786876e-15	-1.240951e-07	
-1.421764e-07	 2.522818e-06	-1.714372e-07	-7.366268e-06	-5.674436e-06	-6.066596e-06	 4.784987e-04	-1.369940e-05	-8.971605e-05	 1.902429e-03	 1.311832e-03	 4.362119e-04	-7.454848e-05	 2.054271e-04	-6.671672e-06	-9.611574e-06	 2.336642e-05	-1.805265e-04	-1.953195e-08	 1.295407e-08	-4.706829e-07	-5.649476e-04	-1.556814e-05	-6.112450e-08	-1.072201e-03	-1.543247e-14	 3.939436e-06	
 2.320159e-08	-1.714372e-07	 1.877329e-07	 9.982687e-07	 6.078801e-07	 5.695130e-07	-3.749247e-05	 3.501071e-07	 5.432535e-06	-2.067800e-04	-1.051036e-04	-5.044307e-05	 1.631698e-05	 2.468356e-06	 3.184392e-06	 9.027339e-06	 2.262946e-05	 4.285142e-05	 7.587205e-11	 6.722845e-10	 2.785096e-08	 5.247616e-05	 1.705301e-06	 9.969624e-09	 1.437516e-04	 2.089910e-15	 1.129415e-07	
 8.532790e-07	-7.366268e-06	 9.982687e-07	 2.258704e-04	 2.355554e-05	 1.097362e-04	-6.233348e-03	 1.244005e-04	 1.469217e-03	-2.461274e-02	-1.034179e-02	 2.485723e-04	 7.495325e-03	-3.142281e-03	-3.813728e-04	-1.006771e-03	-7.754728e-04	 2.943746e-03	 1.497893e-07	-4.603457e-07	 1.079382e-05	 1.120400e-02	 4.981150e-05	 3.667885e-07	 3.694163e-03	 4.731505e-13	 7.217080e-05	
 4.812090e-07	-5.674436e-06	 6.078801e-07	 2.355554e-05	 2.430171e-05	 1.771928e-05	-5.787695e-03	 1.313043e-04	 1.280505e-03	-2.952136e-02	-9.957579e-03	 8.399031e-04	 5.402804e-03	-2.981995e-03	 3.227593e-04	-2.449888e-04	-2.941542e-04	 1.918451e-03	-8.400868e-08	-1.280972e-07	 1.331050e-06	 1.661741e-03	 3.674383e-05	 2.068557e-07	 2.632318e-03	 4.935309e-14	-2.976029e-06	
 4.896851e-07	-6.066596e-06	 5.695130e-07	 1.097362e-04	 1.771928e-05	 6.248205e-05	-3.311812e-03	 5.363286e-05	 7.545536e-04	-1.497813e-02	-6.973459e-03	-1.685072e-03	 8.276725e-04	-1.284103e-03	 5.218990e-05	-1.330465e-04	-1.586630e-04	 8.450116e-04	 1.278079e-08	-2.077341e-07	-2.277523e-07	 6.347333e-03	 3.886231e-05	 2.105011e-07	 2.765165e-03	 2.298791e-13	 2.860796e-05	
-1.776235e-04	 4.784987e-04	-3.749247e-05	-6.233348e-03	-5.787695e-03	-3.311812e-03	 4.458235e+01	-3.820417e-01	-8.837631e-01	 3.797710e+01	 3.238677e+00	-1.229386e+01	-5.405039e+01	-4.747058e-02	 3.097511e-01	 5.730693e-01	-5.628538e+00	-3.303904e+01	-1.641117e-04	 7.103670e-04	 5.815019e-04	-3.012487e-01	-3.935381e-03	-7.638772e-05	-3.413979e-01	-1.306077e-11	-2.049094e-03	
 2.979032e-06	-1.369940e-05	 3.501071e-07	 1.244005e-04	 1.313043e-04	 5.363286e-05	-3.820417e-01	 8.079264e-02	-6.397455e-02	-3.956287e-01	 8.399958e-01	 1.544651e+00	 5.733878e-01	 6.099797e-02	-9.774221e-03	 1.040174e-02	 8.611076e-02	 1.156212e-01	 1.188817e-06	-1.644522e-06	 5.183115e-06	 4.879725e-03	 9.690584e-05	 1.280884e-06	 7.619441e-03	 2.597470e-13	 3.411765e-05	
 4.431982e-05	-8.971605e-05	 5.432535e-06	 1.469217e-03	 1.280505e-03	 7.545536e-04	-8.837631e-01	-6.397455e-02	 4.051083e+00	-3.074095e+01	-3.504634e+00	 7.678819e+00	 5.442020e+00	-3.078465e+00	-2.555780e-01	 1.879013e-01	 2.841953e+00	 3.661585e+00	 1.389133e-04	-4.195929e-05	 5.894708e-05	 6.730121e-02	 7.989035e-04	 1.905772e-05	 7.354619e-02	 3.085311e-12	 5.175986e-04	
-8.563715e-04	 1.902429e-03	-2.067800e-04	-2.461274e-02	-2.952136e-02	-1.497813e-02	 3.797710e+01	-3.956287e-01	-3.074095e+01	 7.899916e+02	 7.690612e+01	-4.801491e+01	-5.829669e+01	 1.480576e+01	-6.212661e+00	 5.554338e+00	-1.227749e+01	-2.576791e+01	 3.819053e-03	 7.102694e-04	 2.833169e-03	-1.342795e+00	-1.673153e-02	-3.680331e-04	-1.513980e+00	-5.164744e-11	-9.475692e-03	
-5.164802e-04	 1.311832e-03	-1.051036e-04	-1.034179e-02	-9.957579e-03	-6.973459e-03	 3.238677e+00	 8.399958e-01	-3.504634e+00	 7.690612e+01	 6.522619e+01	 4.100315e+01	 1.637833e+01	-5.014041e+00	-6.275183e-01	-1.256017e+00	 3.564095e+00	 3.908564e+00	 1.167883e-04	 1.679644e-04	 3.320262e-04	-5.943808e-01	-1.096940e-02	-2.219661e-04	-9.636418e-01	-2.165938e-11	-9.664682e-04	
-1.791378e-04	 4.362119e-04	-5.044307e-05	 2.485723e-04	 8.399031e-04	-1.685072e-03	-1.229386e+01	 1.544651e+00	 7.678819e+00	-4.801491e+01	 4.100315e+01	 8.343668e+01	 5.355782e+01	-1.274592e+01	-1.105084e+00	-6.235244e-01	 5.091210e+00	 8.676623e+00	 5.093762e-04	-3.515038e-04	 4.268734e-04	-1.288440e-01	-3.746687e-03	-7.695300e-05	-3.323339e-01	 5.416280e-13	 2.448573e-03	
-1.050367e-05	-7.454848e-05	 1.631698e-05	 7.495325e-03	 5.402804e-03	 8.276725e-04	-5.405039e+01	 5.733878e-01	 5.442020e+00	-5.829669e+01	 1.637833e+01	 5.355782e+01	 1.034188e+02	-1.015553e+01	-9.500746e-01	-1.298566e+00	 5.481063e+00	 3.324122e+01	 5.039225e-04	-1.262517e-03	 1.264056e-03	 8.795042e-02	 4.049820e-04	-4.450268e-06	 2.211951e-02	 1.574516e-11	 4.495267e-03	
-6.801434e-05	 2.054271e-04	 2.468356e-06	-3.142281e-03	-2.981995e-03	-1.284103e-03	-4.747058e-02	 6.099797e-02	-3.078465e+00	 1.480576e+01	-5.014041e+00	-1.274592e+01	-1.015553e+01	 6.657155e+00	 2.176717e-01	-2.385205e-01	-2.389515e+00	-2.844299e+00	-1.148799e-04	 6.088369e-06	-9.288103e-05	-1.160588e-01	-1.571218e-03	-2.924816e-05	-1.330927e-01	-6.587440e-12	-1.230648e-03	
 2.191889e-06	-6.671672e-06	 3.184392e-06	-3.813728e-04	 3.227593e-04	 5.218990e-05	 3.097511e-01	-9.774221e-03	-2.555780e-01	-6.212661e+00	-6.275183e-01	-1.105084e+00	-9.500746e-01	 2.176717e-01	 3.372683e+00	 5.070922e-01	 1.814152e-02	-1.520989e-01	 1.618979e-04	 4.133721e-07	-4.810747e-05	 5.364193e-03	 5.969648e-05	 9.457820e-07	 5.473600e-03	-8.001061e-13	-8.585293e-05	
-6.189246e-06	-9.611574e-06	 9.027339e-06	-1.006771e-03	-2.449888e-04	-1.330465e-04	 5.730693e-01	 1.040174e-02	 1.879013e-01	 5.554338e+00	-1.256017e+00	-6.235244e-01	-1.298566e+00	-2.385205e-01	 5.070922e-01	 3.154058e+00	 2.759734e+00	 2.754577e+00	-1.789353e-04	-3.169438e-05	-5.424418e-05	-1.295534e-02	 3.857570e-05	-2.647174e-06	 9.724133e-04	-2.108349e-12	-4.855963e-04	
-9.559681e-06	 2.336642e-05	 2.262946e-05	-7.754728e-04	-2.941542e-04	-1.586630e-04	-5.628538e+00	 8.611076e-02	 2.841953e+00	-1.227749e+01	 3.564095e+00	 5.091210e+00	 5.481063e+00	-2.389515e+00	 1.814152e-02	 2.759734e+00	 1.104838e+01	 1.949059e+01	-9.301794e-06	 3.873149e-04	-2.159876e-05	-1.398992e-02	-1.273737e-04	-4.094203e-06	-9.048282e-03	-1.627457e-12	-2.742821e-04	
 5.419898e-05	-1.805265e-04	 4.285142e-05	 2.943746e-03	 1.918451e-03	 8.450116e-04	-3.303904e+01	 1.156212e-01	 3.661585e+00	-2.576791e+01	 3.908564e+00	 8.676623e+00	 3.324122e+01	-2.844299e+00	-1.520989e-01	 2.754577e+00	 1.949059e+01	 5.357875e+01	 8.382968e-05	 8.621888e-04	 7.805616e-04	 7.507598e-02	 1.486931e-03	 2.332994e-05	 1.270128e-01	 6.154509e-12	 1.005370e-03	
 1.338778e-09	-1.953195e-08	 7.587205e-11	 1.497893e-07	-8.400868e-08	 1.278079e-08	-1.641117e-04	 1.188817e-06	 1.389133e-04	 3.819053e-03	 1.167883e-04	 5.093762e-04	 5.039225e-04	-1.148799e-04	 1.618979e-04	-1.789353e-04	-9.301794e-06	 8.382968e-05	 3.752536e-07	 2.277670e-09	 9.376632e-09	 6.345267e-07	 1.177915e-07	 5.756694e-10	 8.095740e-06	 3.148928e-16	-3.359080e-08	
-4.186544e-09	 1.295407e-08	 6.722845e-10	-4.603457e-07	-1.280972e-07	-2.077341e-07	 7.103670e-04	-1.644522e-06	-4.195929e-05	 7.102694e-04	 1.679644e-04	-3.515038e-04	-1.262517e-03	 6.088369e-06	 4.133721e-07	-3.169438e-05	 3.873149e-04	 8.621888e-04	 2.277670e-09	 3.750420e-07	-3.269383e-08	-2.049775e-05	-9.655651e-08	-1.802966e-09	-8.159559e-06	-9.669589e-16	-1.653461e-07	
 4.352161e-08	-4.706829e-07	 2.785096e-08	 1.079382e-05	 1.331050e-06	-2.277523e-07	 5.815019e-04	 5.183115e-06	 5.894708e-05	 2.833169e-03	 3.320262e-04	 4.268734e-04	 1.264056e-03	-9.288103e-05	-4.810747e-05	-5.424418e-05	-2.159876e-05	 7.805616e-04	 9.376632e-09	-3.269383e-08	 6.190179e-06	-4.062605e-05	 3.001647e-06	 1.871957e-08	 2.140410e-04	 2.261624e-14	 3.102032e-06	
 3.945991e-05	-5.649476e-04	 5.247616e-05	 1.120400e-02	 1.661741e-03	 6.347333e-03	-3.012487e-01	 4.879725e-03	 6.730121e-02	-1.342795e+00	-5.943808e-01	-1.288440e-01	 8.795042e-02	-1.160588e-01	 5.364193e-03	-1.295534e-02	-1.398992e-02	 7.507598e-02	 6.345267e-07	-2.049775e-05	-4.062605e-05	 6.495981e-01	 3.579982e-03	 1.696574e-05	 2.516912e-01	 2.345742e-11	 3.091555e-03	
 1.149173e-06	-1.556814e-05	 1.705301e-06	 4.981150e-05	 3.674383e-05	 3.886231e-05	-3.935381e-03	 9.690584e-05	 7.989035e-04	-1.673153e-02	-1.096940e-02	-3.746687e-03	 4.049820e-04	-1.571218e-03	 5.969648e-05	 3.857570e-05	-1.273737e-04	 1.486931e-03	 1.177915e-07	-9.655651e-08	 3.001647e-06	 3.579982e-03	 9.990653e-05	 4.940325e-07	 7.076847e-03	 1.043372e-13	-2.246641e-05	
 1.878825e-08	-6.112450e-08	 9.969624e-09	 3.667885e-07	 2.068557e-07	 2.105011e-07	-7.638772e-05	 1.280884e-06	 1.905772e-05	-3.680331e-04	-2.219661e-04	-7.695300e-05	-4.450268e-06	-2.924816e-05	 9.457820e-07	-2.647174e-06	-4.094203e-06	 2.332994e-05	 5.756694e-10	-1.802966e-09	 1.871957e-08	 1.696574e-05	 4.940325e-07	 8.075424e-09	 4.179684e-05	 7.680884e-16	-5.335016e-08	
 9.723653e-05	-1.072201e-03	 1.437516e-04	 3.694163e-03	 2.632318e-03	 2.765165e-03	-3.413979e-01	 7.619441e-03	 7.354619e-02	-1.513980e+00	-9.636418e-01	-3.323339e-01	 2.211951e-02	-1.330927e-01	 5.473600e-03	 9.724133e-04	-9.048282e-03	 1.270128e-01	 8.095740e-06	-8.159559e-06	 2.140410e-04	 2.516912e-01	 7.076847e-03	 4.179684e-05	 5.126477e-01	 7.738441e-12	-1.459079e-03	
 1.786876e-15	-1.543247e-14	 2.089910e-15	 4.731505e-13	 4.935309e-14	 2.298791e-13	-1.306077e-11	 2.597470e-13	 3.085311e-12	-5.164744e-11	-2.165938e-11	 5.416280e-13	 1.574516e-11	-6.587440e-12	-8.001061e-13	-2.108349e-12	-1.627457e-12	 6.154509e-12	 3.148928e-16	-9.669589e-16	 2.261624e-14	 2.345742e-11	 1.043372e-13	 7.680884e-16	 7.738441e-12	 9.912899e-22	 1.511831e-13	
-1.240951e-07	 3.939436e-06	 1.129415e-07	 7.217080e-05	-2.976029e-06	 2.860796e-05	-2.049094e-03	 3.411765e-05	 5.175986e-04	-9.475692e-03	-9.664682e-04	 2.448573e-03	 4.495267e-03	-1.230648e-03	-8.585293e-05	-4.855963e-04	-2.742821e-04	 1.005370e-03	-3.359080e-08	-1.653461e-07	 3.102032e-06	 3.091555e-03	-2.246641e-05	-5.335016e-08	-1.459079e-03	 1.511831e-13	 4.183013e-05	
