#          omega_b,        omega_cdm,      100*theta_s,     ln10^{10}A_s,              n_s,         tau_reio,        A_cib_217,        xi_sz_cib,             A_sz,     ps_A_100_100,     ps_A_143_143,     ps_A_143_217,     ps_A_217_217,         ksz_norm,     gal545_A_100,     gal545_A_143, gal545_A_143_217,     gal545_A_217,    galf_TE_A_100, galf_TE_A_100_143, galf_TE_A_100_217,    galf_TE_A_143, galf_TE_A_143_217,    galf_TE_A_217,       calib_100T,       calib_217T,         A_planck,           z_reio,     Omega_Lambda,              YHe,               H0,              A_s,           sigma8
 2.231068e-08	-1.169166e-07	 1.115552e-08	 2.738382e-07	 3.101082e-07	 2.292764e-07	-8.627294e-05	 1.955327e-06	 1.613420e-05	-3.459660e-04	-2.238715e-04	-7.415340e-05	 6.566538e-06	-3.318968e-05	-2.164529e-06	-7.922469e-06	-1.550562e-05	 3.316786e-06	-1.039089e-07	-6.574580e-08	-1.768764e-07	-3.650647e-07	-5.375352e-07	-2.451313e-06	 2.195480e-09	-1.271498e-09	 8.327057e-09	 1.653214e-05	 8.203935e-07	 9.511188e-09	 6.526232e-05	 5.771649e-16	-2.611238e-07	
-1.169166e-07	 1.911323e-06	-1.157354e-07	-6.087771e-07	-4.557024e-06	-2.611343e-06	 1.824506e-04	-4.556872e-06	-6.845288e-05	 1.205375e-03	 1.125096e-03	 7.021636e-04	 5.354010e-04	 5.102976e-05	-5.498710e-06	-3.728809e-05	-1.707652e-05	-1.123985e-05	 5.380603e-07	 6.543186e-07	 3.834602e-07	 3.336627e-06	 3.284727e-06	 1.494364e-05	 6.042038e-10	 2.189605e-09	-2.403989e-08	-2.098305e-04	-1.164570e-05	-4.983833e-08	-8.191064e-04	-1.296624e-15	 5.062167e-06	
 1.115552e-08	-1.157354e-07	 8.727062e-08	 2.610747e-07	 4.112185e-07	 2.261317e-07	-2.968567e-06	-8.113018e-07	-6.718317e-06	 3.563343e-05	-7.360405e-05	-8.694524e-05	-4.707799e-05	 1.134825e-05	 6.863848e-06	 9.711575e-06	-1.663776e-06	-5.032880e-07	 5.210502e-08	-8.831520e-08	 6.576812e-08	-2.816447e-07	-3.354238e-07	-1.042805e-06	-2.774978e-09	 1.116754e-09	 1.693660e-08	 1.893326e-05	 9.837812e-07	 4.757030e-09	 8.008979e-05	 5.483112e-16	-1.156897e-07	
 2.738382e-07	-6.087771e-07	 2.610747e-07	 2.565242e-04	 5.865162e-06	 1.157013e-04	-4.814458e-03	 1.099151e-04	 1.033545e-03	-1.361079e-02	-3.512125e-03	 3.707241e-03	 1.056521e-02	-3.152326e-03	-4.728398e-04	-1.359986e-03	-7.911187e-04	 2.466836e-03	-3.850871e-06	-1.163765e-05	 1.983314e-05	-6.828146e-06	-1.729685e-05	-3.220744e-05	 2.700347e-07	-8.409680e-08	 1.156309e-05	 1.176447e-02	 5.875048e-06	 1.166812e-07	 5.518686e-04	 5.398324e-13	 1.029427e-04	
 3.101082e-07	-4.557024e-06	 4.112185e-07	 5.865162e-06	 2.003730e-05	 9.050090e-06	-4.490357e-03	 1.108410e-04	 1.009725e-03	-2.352480e-02	-7.427541e-03	 1.000244e-03	 4.248040e-03	-2.175886e-03	 2.980401e-04	-2.147246e-04	-2.974977e-04	 1.063826e-03	-2.073468e-06	 3.926583e-07	 2.650432e-06	-6.265765e-06	-5.808897e-06	-3.302615e-05	-9.601750e-08	-8.000634e-08	 1.407064e-07	 7.817148e-04	 2.838241e-05	 1.321954e-07	 2.026976e-03	 1.236527e-14	-7.491537e-06	
 2.292764e-07	-2.611343e-06	 2.261317e-07	 1.157013e-04	 9.050090e-06	 6.129289e-05	-2.494694e-03	 2.914508e-05	 6.741861e-04	-1.090233e-02	-3.894144e-03	-2.431655e-04	 1.990684e-03	-1.266591e-03	-6.489230e-05	-3.357921e-04	-1.206868e-04	 5.068193e-04	-3.721258e-06	-6.197397e-06	 1.281617e-05	-5.198497e-06	-1.283667e-05	-3.708183e-05	 5.597235e-08	-3.868094e-08	-2.483961e-07	 6.175279e-03	 1.654862e-05	 9.770746e-08	 1.205458e-03	 2.435395e-13	 4.030971e-05	
-8.627294e-05	 1.824506e-04	-2.968567e-06	-4.814458e-03	-4.490357e-03	-2.494694e-03	 4.461302e+01	-4.054549e-01	-6.322723e-01	 3.583674e+01	 2.129284e+00	-1.240480e+01	-5.450294e+01	-4.116127e-01	 2.169274e-01	 6.904965e-01	-5.699064e+00	-3.318362e+01	 1.595726e-04	-1.714540e-03	-2.261414e-03	-6.101648e-04	-9.716474e-03	-1.735127e-03	-2.060768e-04	 6.992077e-04	 6.911368e-04	-2.337458e-01	-1.572622e-03	-3.680134e-05	-1.434859e-01	-1.013057e-11	-2.381792e-03	
 1.955327e-06	-4.556872e-06	-8.113018e-07	 1.099151e-04	 1.108410e-04	 2.914508e-05	-4.054549e-01	 8.158976e-02	-3.837102e-02	-6.020440e-01	 9.071575e-01	 1.705201e+00	 6.609636e-01	 3.805666e-02	-1.459372e-02	 1.025497e-02	 1.111002e-01	 1.482112e-01	-3.992603e-06	 6.324199e-05	-2.095991e-05	 1.826864e-05	-1.199992e-04	 4.469864e-04	 2.784761e-06	-3.137732e-06	 6.249643e-06	 2.456868e-03	 3.513661e-05	 8.335147e-07	 3.103931e-03	 2.309271e-13	 5.470128e-05	
 1.613420e-05	-6.845288e-05	-6.718317e-06	 1.033545e-03	 1.009725e-03	 6.741861e-04	-6.322723e-01	-3.837102e-02	 3.872790e+00	-3.040248e+01	-3.286605e+00	 7.725979e+00	 5.162656e+00	-2.778362e+00	-2.136283e-01	 1.440349e-01	 2.565201e+00	 3.039294e+00	-5.836046e-05	 5.053932e-04	 3.070557e-04	 4.130197e-04	-3.014155e-03	-6.210595e-03	 9.923143e-05	-2.804785e-05	-6.169061e-05	 6.403534e-02	 4.542969e-04	 6.882785e-06	 3.674092e-02	 2.177192e-12	 4.262215e-04	
-3.459660e-04	 1.205375e-03	 3.563343e-05	-1.361079e-02	-2.352480e-02	-1.090233e-02	 3.583674e+01	-6.020440e-01	-3.040248e+01	 7.830650e+02	 6.941410e+01	-5.456330e+01	-6.017726e+01	 1.381319e+01	-6.555831e+00	 6.057327e+00	-1.207009e+01	-2.371076e+01	-3.513936e-03	-4.196421e-03	-6.527954e-03	 1.245558e-02	 7.719367e-03	 2.893287e-02	 3.855928e-03	 5.033108e-04	 4.705136e-03	-1.002321e+00	-8.686826e-03	-1.475268e-04	-7.293384e-01	-2.882789e-11	-7.256419e-03	
-2.238715e-04	 1.125096e-03	-7.360405e-05	-3.512125e-03	-7.427541e-03	-3.894144e-03	 2.129284e+00	 9.071575e-01	-3.286605e+00	 6.941410e+01	 6.142528e+01	 4.014309e+01	 1.477585e+01	-5.106996e+00	-5.590648e-01	-1.283974e+00	 3.370899e+00	 3.823449e+00	 1.057410e-03	 2.158296e-03	 1.070486e-03	 7.502345e-03	 7.529084e-04	 3.980206e-02	 1.118253e-04	 6.682137e-05	 7.180932e-04	-3.282637e-01	-7.839060e-03	-9.545371e-05	-6.255214e-01	-7.401078e-12	 8.771522e-04	
-7.415340e-05	 7.021636e-04	-8.694524e-05	 3.707241e-03	 1.000244e-03	-2.431655e-04	-1.240480e+01	 1.705201e+00	 7.725979e+00	-5.456330e+01	 4.014309e+01	 8.567304e+01	 5.277262e+01	-1.221668e+01	-1.097906e+00	-7.573704e-01	 4.710425e+00	 7.321262e+00	 2.543390e-05	 4.214220e-03	 1.760749e-03	 7.816915e-03	-4.068865e-03	 1.084823e-03	 3.952684e-04	-3.683691e-04	 3.732790e-04	 3.822521e-03	-4.613732e-03	-3.160328e-05	-3.441247e-01	 7.779457e-12	 4.347197e-03	
 6.566538e-06	 5.354010e-04	-4.707799e-05	 1.056521e-02	 4.248040e-03	 1.990684e-03	-5.450294e+01	 6.609636e-01	 5.162656e+00	-6.017726e+01	 1.477585e+01	 5.277262e+01	 1.028472e+02	-9.308500e+00	-7.831064e-01	-1.452612e+00	 5.122371e+00	 3.246092e+01	-1.434187e-04	 3.568143e-03	 5.145666e-03	 5.812233e-03	 1.553166e-02	 5.022212e-03	 4.837270e-04	-1.326242e-03	 1.055000e-03	 2.137110e-01	-3.041501e-03	 2.846966e-06	-1.989454e-01	 2.220099e-11	 7.292854e-03	
-3.318968e-05	 5.102976e-05	 1.134825e-05	-3.152326e-03	-2.175886e-03	-1.266591e-03	-4.116127e-01	 3.805666e-02	-2.778362e+00	 1.381319e+01	-5.106996e+00	-1.221668e+01	-9.308500e+00	 6.038742e+00	 1.478195e-01	-2.108492e-01	-2.023303e+00	-2.006830e+00	 6.886826e-04	-9.156421e-04	-9.112615e-05	-1.013895e-03	 2.854598e-03	 3.808227e-03	-8.127182e-05	 1.428740e-07	 2.513489e-05	-1.219873e-01	-4.507958e-04	-1.415531e-05	-4.458460e-02	-6.617595e-12	-1.624076e-03	
-2.164529e-06	-5.498710e-06	 6.863848e-06	-4.728398e-04	 2.980401e-04	-6.489230e-05	 2.169274e-01	-1.459372e-02	-2.136283e-01	-6.555831e+00	-5.590648e-01	-1.097906e+00	-7.831064e-01	 1.478195e-01	 3.360922e+00	 5.430629e-01	 1.159755e-01	-1.172179e-02	 4.382341e-04	 1.784904e-04	-5.507934e-04	-5.176152e-05	-2.012696e-03	-4.047505e-03	 1.755822e-04	-8.440704e-06	-5.583364e-06	-7.045437e-03	 3.786989e-05	-9.275831e-07	 2.267888e-03	-9.756399e-13	-1.018149e-04	
-7.922469e-06	-3.728809e-05	 9.711575e-06	-1.359986e-03	-2.147246e-04	-3.357921e-04	 6.904965e-01	 1.025497e-02	 1.440349e-01	 6.057327e+00	-1.283974e+00	-7.573704e-01	-1.452612e+00	-2.108492e-01	 5.430629e-01	 3.172343e+00	 2.697702e+00	 2.618046e+00	 1.867459e-04	-1.344355e-04	-9.014923e-04	-3.095359e-04	-9.190032e-04	 4.974012e-04	-1.769093e-04	-3.347299e-05	 2.475554e-06	-3.355917e-02	 1.841667e-04	-3.383172e-06	 9.275102e-03	-2.861866e-12	-7.021593e-04	
-1.550562e-05	-1.707652e-05	-1.663776e-06	-7.911187e-04	-2.974977e-04	-1.206868e-04	-5.699064e+00	 1.111002e-01	 2.565201e+00	-1.207009e+01	 3.370899e+00	 4.710425e+00	 5.122371e+00	-2.023303e+00	 1.159755e-01	 2.697702e+00	 1.071279e+01	 1.913509e+01	 8.497524e-04	 6.484109e-04	-3.911458e-04	-5.817072e-05	-2.107172e-03	 1.671458e-02	-2.530508e-05	 4.042560e-04	 8.485386e-06	-8.641629e-03	-1.038215e-05	-6.605125e-06	-8.555026e-03	-1.665654e-12	-4.085515e-04	
 3.316786e-06	-1.123985e-05	-5.032880e-07	 2.466836e-03	 1.063826e-03	 5.068193e-04	-3.318362e+01	 1.482112e-01	 3.039294e+00	-2.371076e+01	 3.823449e+00	 7.321262e+00	 3.246092e+01	-2.006830e+00	-1.172179e-02	 2.618046e+00	 1.913509e+01	 5.341035e+01	 7.599063e-04	 1.955526e-03	 1.132984e-03	 1.095464e-03	 3.311990e-03	 3.481899e-02	 5.899532e-05	 9.256300e-04	 7.641486e-04	 5.258743e-02	 8.361572e-05	 1.429791e-06	 6.813465e-03	 5.180854e-12	 1.276801e-03	
-1.039089e-07	 5.380603e-07	 5.210502e-08	-3.850871e-06	-2.073468e-06	-3.721258e-06	 1.595726e-04	-3.992603e-06	-5.836046e-05	-3.513936e-03	 1.057410e-03	 2.543390e-05	-1.434187e-04	 6.886826e-04	 4.382341e-04	 1.867459e-04	 8.497524e-04	 7.599063e-04	 1.454151e-03	 2.652867e-04	 9.555361e-05	-3.678943e-04	-1.064109e-04	-5.826192e-05	 1.152624e-08	-4.152349e-08	 1.184497e-06	-3.561520e-04	-3.423800e-06	-4.430492e-08	-2.680111e-04	-8.138685e-15	 7.256884e-08	
-6.574580e-08	 6.543186e-07	-8.831520e-08	-1.163765e-05	 3.926583e-07	-6.197397e-06	-1.714540e-03	 6.324199e-05	 5.053932e-04	-4.196421e-03	 2.158296e-03	 4.214220e-03	 3.568143e-03	-9.156421e-04	 1.784904e-04	-1.344355e-04	 6.484109e-04	 1.955526e-03	 2.652867e-04	 8.613346e-04	 5.628337e-05	 7.309354e-04	 6.590784e-05	-6.900282e-04	-1.167327e-07	-1.776841e-08	-2.278763e-07	-6.079206e-04	-4.318177e-06	-2.802797e-08	-3.198091e-04	-2.445280e-14	-2.253196e-06	
-1.768764e-07	 3.834602e-07	 6.576812e-08	 1.983314e-05	 2.650432e-06	 1.281617e-05	-2.261414e-03	-2.095991e-05	 3.070557e-04	-6.527954e-03	 1.070486e-03	 1.760749e-03	 5.145666e-03	-9.112615e-05	-5.507934e-04	-9.014923e-04	-3.911458e-04	 1.132984e-03	 9.555361e-05	 5.628337e-05	 7.232058e-03	-2.718302e-04	 6.430578e-04	 4.487486e-03	 7.041387e-08	-1.719747e-07	-2.277580e-06	 1.349244e-03	-2.902809e-06	-7.515411e-08	-2.786864e-04	 4.154838e-14	 1.092442e-05	
-3.650647e-07	 3.336627e-06	-2.816447e-07	-6.828146e-06	-6.265765e-06	-5.198497e-06	-6.101648e-04	 1.826864e-05	 4.130197e-04	 1.245558e-02	 7.502345e-03	 7.816915e-03	 5.812233e-03	-1.013895e-03	-5.176152e-05	-3.095359e-04	-5.817072e-05	 1.095464e-03	-3.678943e-04	 7.309354e-04	-2.718302e-04	 2.875661e-03	 5.589731e-04	-8.680855e-04	 8.630707e-08	 3.832269e-08	-1.504418e-06	-4.054743e-04	-2.151709e-05	-1.556276e-07	-1.607006e-03	-1.416651e-14	 7.654347e-06	
-5.375352e-07	 3.284727e-06	-3.354238e-07	-1.729685e-05	-5.808897e-06	-1.283667e-05	-9.716474e-03	-1.199992e-04	-3.014155e-03	 7.719367e-03	 7.529084e-04	-4.068865e-03	 1.553166e-02	 2.854598e-03	-2.012696e-03	-9.190032e-04	-2.107172e-03	 3.311990e-03	-1.064109e-04	 6.590784e-05	 6.430578e-04	 5.589731e-04	 6.397275e-03	 7.891454e-03	-1.087039e-07	-4.882064e-07	 8.783194e-07	-1.125971e-03	-2.253939e-05	-2.290524e-07	-1.760930e-03	-3.662359e-14	 3.939484e-06	
-2.451313e-06	 1.494364e-05	-1.042805e-06	-3.220744e-05	-3.302615e-05	-3.708183e-05	-1.735127e-03	 4.469864e-04	-6.210595e-03	 2.893287e-02	 3.980206e-02	 1.084823e-03	 5.022212e-03	 3.808227e-03	-4.047505e-03	 4.974012e-04	 1.671458e-02	 3.481899e-02	-5.826192e-05	-6.900282e-04	 4.487486e-03	-8.680855e-04	 7.891454e-03	 7.214868e-02	-7.869901e-07	 1.608899e-06	 6.432097e-06	-3.155615e-03	-1.015396e-04	-1.044720e-06	-7.832150e-03	-6.693666e-14	 3.491450e-05	
 2.195480e-09	 6.042038e-10	-2.774978e-09	 2.700347e-07	-9.601750e-08	 5.597235e-08	-2.060768e-04	 2.784761e-06	 9.923143e-05	 3.855928e-03	 1.118253e-04	 3.952684e-04	 4.837270e-04	-8.127182e-05	 1.755822e-04	-1.769093e-04	-2.530508e-05	 5.899532e-05	 1.152624e-08	-1.167327e-07	 7.041387e-08	 8.630707e-08	-1.087039e-07	-7.869901e-07	 3.711022e-07	-1.601861e-09	 2.061813e-09	 5.395160e-06	 1.565751e-09	 9.365321e-10	 8.552176e-07	 5.685642e-16	 7.124900e-08	
-1.271498e-09	 2.189605e-09	 1.116754e-09	-8.409680e-08	-8.000634e-08	-3.868094e-08	 6.992077e-04	-3.137732e-06	-2.804785e-05	 5.033108e-04	 6.682137e-05	-3.683691e-04	-1.326242e-03	 1.428740e-07	-8.440704e-06	-3.347299e-05	 4.042560e-04	 9.256300e-04	-4.152349e-08	-1.776841e-08	-1.719747e-07	 3.832269e-08	-4.882064e-07	 1.608899e-06	-1.601861e-09	 3.807582e-07	-7.816099e-09	-3.647364e-06	-1.848882e-08	-5.424278e-10	-1.487013e-06	-1.757060e-16	-4.614962e-08	
 8.327057e-09	-2.403989e-08	 1.693660e-08	 1.156309e-05	 1.407064e-07	-2.483961e-07	 6.911368e-04	 6.249643e-06	-6.169061e-05	 4.705136e-03	 7.180932e-04	 3.732790e-04	 1.055000e-03	 2.513489e-05	-5.583364e-06	 2.475554e-06	 8.485386e-06	 7.641486e-04	 1.184497e-06	-2.278763e-07	-2.277580e-06	-1.504418e-06	 8.783194e-07	 6.432097e-06	 2.061813e-09	-7.816099e-09	 5.986610e-06	-2.711357e-05	 2.386959e-07	 3.549295e-09	 2.174276e-05	 2.430286e-14	 4.637256e-06	
 1.653214e-05	-2.098305e-04	 1.893326e-05	 1.176447e-02	 7.817148e-04	 6.175279e-03	-2.337458e-01	 2.456868e-03	 6.403534e-02	-1.002321e+00	-3.282637e-01	 3.822521e-03	 2.137110e-01	-1.219873e-01	-7.045437e-03	-3.355917e-02	-8.641629e-03	 5.258743e-02	-3.561520e-04	-6.079206e-04	 1.349244e-03	-4.054743e-04	-1.125971e-03	-3.155615e-03	 5.395160e-06	-3.647364e-06	-2.711357e-05	 6.254298e-01	 1.320472e-03	 7.044948e-06	 9.538540e-02	 2.475258e-11	 4.264315e-03	
 8.203935e-07	-1.164570e-05	 9.837812e-07	 5.875048e-06	 2.838241e-05	 1.654862e-05	-1.572622e-03	 3.513661e-05	 4.542969e-04	-8.686826e-03	-7.839060e-03	-4.613732e-03	-3.041501e-03	-4.507958e-04	 3.786989e-05	 1.841667e-04	-1.038215e-05	 8.361572e-05	-3.423800e-06	-4.318177e-06	-2.902809e-06	-2.151709e-05	-2.253939e-05	-1.015396e-04	 1.565751e-09	-1.848882e-08	 2.386959e-07	 1.320472e-03	 7.253071e-05	 3.497357e-07	 5.181459e-03	 1.245065e-14	-2.993843e-05	
 9.511188e-09	-4.983833e-08	 4.757030e-09	 1.166812e-07	 1.321954e-07	 9.770746e-08	-3.680134e-05	 8.335147e-07	 6.882785e-06	-1.475268e-04	-9.545371e-05	-3.160328e-05	 2.846966e-06	-1.415531e-05	-9.275831e-07	-3.383172e-06	-6.605125e-06	 1.429791e-06	-4.430492e-08	-2.802797e-08	-7.515411e-08	-1.556276e-07	-2.290524e-07	-1.044720e-06	 9.365321e-10	-5.424278e-10	 3.549295e-09	 7.044948e-06	 3.497357e-07	 4.054734e-09	 2.782039e-05	 2.459239e-16	-1.113209e-07	
 6.526232e-05	-8.191064e-04	 8.008979e-05	 5.518686e-04	 2.026976e-03	 1.205458e-03	-1.434859e-01	 3.103931e-03	 3.674092e-02	-7.293384e-01	-6.255214e-01	-3.441247e-01	-1.989454e-01	-4.458460e-02	 2.267888e-03	 9.275102e-03	-8.555026e-03	 6.813465e-03	-2.680111e-04	-3.198091e-04	-2.786864e-04	-1.607006e-03	-1.760930e-03	-7.832150e-03	 8.552176e-07	-1.487013e-06	 2.174276e-05	 9.538540e-02	 5.181459e-03	 2.782039e-05	 3.750276e-01	 1.167302e-12	-2.061595e-03	
 5.771649e-16	-1.296624e-15	 5.483112e-16	 5.398324e-13	 1.236527e-14	 2.435395e-13	-1.013057e-11	 2.309271e-13	 2.177192e-12	-2.882789e-11	-7.401078e-12	 7.779457e-12	 2.220099e-11	-6.617595e-12	-9.756399e-13	-2.861866e-12	-1.665654e-12	 5.180854e-12	-8.138685e-15	-2.445280e-14	 4.154838e-14	-1.416651e-14	-3.662359e-14	-6.693666e-14	 5.685642e-16	-1.757060e-16	 2.430286e-14	 2.475258e-11	 1.245065e-14	 2.459239e-16	 1.167302e-12	 1.136192e-21	 2.165988e-13	
-2.611238e-07	 5.062167e-06	-1.156897e-07	 1.029427e-04	-7.491537e-06	 4.030971e-05	-2.381792e-03	 5.470128e-05	 4.262215e-04	-7.256419e-03	 8.771522e-04	 4.347197e-03	 7.292854e-03	-1.624076e-03	-1.018149e-04	-7.021593e-04	-4.085515e-04	 1.276801e-03	 7.256884e-08	-2.253196e-06	 1.092442e-05	 7.654347e-06	 3.939484e-06	 3.491450e-05	 7.124900e-08	-4.614962e-08	 4.637256e-06	 4.264315e-03	-2.993843e-05	-1.113209e-07	-2.061595e-03	 2.165988e-13	 5.719463e-05	
