#          omega_b,        omega_cdm,      100*theta_s,     ln10^{10}A_s,              n_s,         tau_reio,        A_cib_217,        xi_sz_cib,             A_sz,     ps_A_100_100,     ps_A_143_143,     ps_A_143_217,     ps_A_217_217,         ksz_norm,     gal545_A_100,     gal545_A_143, gal545_A_143_217,     gal545_A_217,    galf_TE_A_100, galf_TE_A_100_143, galf_TE_A_100_217,    galf_TE_A_143, galf_TE_A_143_217,    galf_TE_A_217,       calib_100T,       calib_217T,         A_planck,           z_reio,     Omega_Lambda,              YHe,               H0,              A_s,           sigma8
 1.856898e-08	-5.599127e-08	 5.593179e-09	 4.151057e-07	 1.670304e-07	 2.158267e-07	-4.185133e-05	 1.717181e-06	 5.737511e-07	-1.451926e-04	-1.457830e-04	-5.561064e-05	-1.474453e-05	-4.003583e-05	-1.387342e-06	-7.625756e-06	-2.799000e-05	-3.205706e-05	-4.972827e-08	-1.303253e-07	-1.655198e-07	-2.710839e-07	-4.216649e-07	-1.495696e-06	 2.438170e-09	-2.383970e-09	 1.712255e-08	 1.651721e-05	 4.382847e-07	 7.905750e-09	 3.863470e-05	 8.773584e-16	-3.816821e-08	
-5.599127e-08	 8.955097e-07	-1.765654e-08	-3.343109e-06	-2.174176e-06	-2.545687e-06	 6.619528e-05	-3.138265e-06	-4.848837e-06	 4.064371e-05	 4.837006e-04	 2.473131e-04	 1.281859e-04	 1.329145e-04	-1.103754e-05	 1.219202e-05	 5.242756e-05	 3.270045e-05	 8.641078e-07	 2.133314e-07	 1.119012e-06	 3.565906e-07	 1.742836e-06	 4.171135e-06	-1.061746e-08	 9.121275e-09	-1.810220e-07	-2.294936e-04	-5.295812e-06	-2.383836e-08	-3.747971e-04	-7.053805e-15	 1.197186e-06	
 5.593179e-09	-1.765654e-08	 8.133685e-08	 2.701242e-07	 1.522847e-07	 1.037357e-07	 4.097669e-05	 1.084528e-07	-6.746386e-06	 1.303450e-04	 2.295876e-05	-1.764124e-05	-6.797677e-05	 1.780973e-05	-4.464268e-06	 8.225573e-06	-1.584491e-06	-1.955165e-05	-1.693347e-07	-1.781376e-07	-6.235676e-08	-2.184966e-07	 7.067707e-08	 4.203749e-07	 2.378992e-09	 1.606949e-09	 1.891054e-08	 8.947629e-06	 3.822382e-07	 2.382069e-09	 3.858176e-05	 5.712825e-16	 1.492128e-07	
 4.151057e-07	-3.343109e-06	 2.701242e-07	 2.034576e-04	 1.255410e-05	 9.591775e-05	-2.740584e-03	 1.204457e-04	-5.931054e-04	-1.707922e-03	-1.413921e-03	 1.284697e-03	 6.902386e-03	-3.488042e-03	-5.905463e-05	-5.846251e-04	-1.337603e-03	 6.689969e-04	-2.987301e-06	-8.006929e-07	-1.372731e-05	-9.535893e-06	-4.355613e-06	 1.571120e-05	 7.651063e-08	-1.170763e-07	 8.831682e-06	 9.497867e-03	 2.169221e-05	 1.767979e-07	 1.654159e-03	 4.294968e-13	 7.368124e-05	
 1.670304e-07	-2.174176e-06	 1.522847e-07	 1.255410e-05	 1.440394e-05	 8.846363e-06	-3.222631e-03	 8.490166e-05	-1.808864e-04	-8.848647e-03	-2.564402e-03	 1.748136e-03	 4.764937e-03	-2.985824e-03	 3.648002e-04	-2.956542e-04	-9.396066e-04	 1.740383e-04	-3.082437e-06	 1.521819e-07	-7.600633e-07	-5.288128e-07	 1.623786e-06	 2.233160e-05	-7.828978e-08	-4.811212e-08	 5.518275e-07	 8.193330e-04	 1.338610e-05	 7.109219e-08	 9.748391e-04	 2.650158e-14	 1.662157e-06	
 2.158267e-07	-2.545687e-06	 1.037357e-07	 9.591775e-05	 8.846363e-06	 5.286032e-05	-1.839451e-03	 3.400802e-05	 4.671130e-05	-6.431632e-03	-3.442702e-03	-1.542465e-03	 5.815660e-04	-1.151672e-03	 5.192212e-05	-7.841479e-05	-2.849374e-04	 9.651974e-05	-3.462116e-06	 3.176026e-07	-5.338850e-06	-1.037595e-06	-4.995698e-06	-5.408280e-08	-1.630471e-08	-9.631813e-08	-1.517864e-06	 5.228624e-03	 1.558098e-05	 9.192372e-08	 1.134392e-03	 2.024930e-13	 3.227061e-05	
-4.185133e-05	 6.619528e-05	 4.097669e-05	-2.740584e-03	-3.222631e-03	-1.839451e-03	 4.536664e+01	-4.654027e-01	-1.192323e+00	 4.291913e+01	 3.762421e+00	-1.346123e+01	-5.382477e+01	-1.870965e+00	 2.124465e-01	 4.343925e-01	-6.269143e+00	-3.397079e+01	 4.102741e-03	 2.971658e-03	 4.342924e-03	-1.763304e-03	-1.019769e-02	-1.961043e-02	-2.345732e-04	 7.334948e-04	 9.653883e-04	-1.745506e-01	-4.958307e-04	-1.782039e-05	-4.775606e-02	-5.780582e-12	-1.668582e-03	
 1.717181e-06	-3.138265e-06	 1.084528e-07	 1.204457e-04	 8.490166e-05	 3.400802e-05	-4.654027e-01	 8.093472e-02	-3.907503e-02	-7.124760e-01	 1.096420e+00	 2.016753e+00	 7.562879e-01	 4.860212e-02	-8.043469e-03	 1.729868e-02	 1.528954e-01	 2.129701e-01	 5.589154e-05	-1.724456e-05	-1.172436e-04	 7.414495e-05	-1.140844e-04	 5.655734e-04	 5.030913e-06	-1.067653e-06	 8.654210e-07	 2.967555e-03	 2.784836e-05	 7.304030e-07	 2.720051e-03	 2.536101e-13	 5.733960e-05	
 5.737511e-07	-4.848837e-06	-6.746386e-06	-5.931054e-04	-1.808864e-04	 4.671130e-05	-1.192323e+00	-3.907503e-02	 3.627619e+00	-3.287365e+01	-8.209117e+00	 2.293280e+00	 1.390466e+00	-7.525323e-02	-2.187629e-01	 1.410719e-01	 2.239791e+00	 2.947363e+00	 1.723582e-03	 4.507308e-06	-5.328800e-05	-2.305855e-04	-2.105397e-03	-6.272900e-03	 8.818881e-05	-7.062546e-05	-6.784969e-05	 4.643549e-03	 1.094888e-05	 2.522072e-07	-5.328916e-05	-1.258881e-12	-3.207099e-04	
-1.451926e-04	 4.064371e-05	 1.303450e-04	-1.707922e-03	-8.848647e-03	-6.431632e-03	 4.291913e+01	-7.124760e-01	-3.287365e+01	 8.558342e+02	 1.261384e+02	-1.056056e+01	-2.311151e+01	-1.520643e+01	-5.445387e+00	 5.704634e+00	-1.215238e+01	-2.557896e+01	-8.514168e-03	 4.554901e-03	 2.591517e-02	 1.433012e-02	 8.478776e-03	 7.858171e-02	 3.785902e-03	 1.048597e-03	 4.591105e-03	-6.201474e-01	-7.392931e-04	-6.192986e-05	-1.020476e-01	-3.521908e-12	-2.564484e-03	
-1.457830e-04	 4.837006e-04	 2.295876e-05	-1.413921e-03	-2.564402e-03	-3.442702e-03	 3.762421e+00	 1.096420e+00	-8.209117e+00	 1.261384e+02	 9.247369e+01	 5.894125e+01	 2.798991e+01	-1.355706e+01	 7.157683e-02	-1.288342e+00	 1.527091e+00	 9.758774e-01	-2.785987e-03	 1.721331e-03	-4.165290e-03	 4.213746e-03	-2.712267e-04	 3.717164e-02	-4.596924e-05	 2.973943e-04	 8.206251e-04	-3.053174e-01	-3.481145e-03	-6.210142e-05	-2.964657e-01	-2.988402e-12	 8.758242e-04	
-5.561064e-05	 2.473131e-04	-1.764124e-05	 1.284697e-03	 1.748136e-03	-1.542465e-03	-1.346123e+01	 2.016753e+00	 2.293280e+00	-1.056056e+01	 5.894125e+01	 9.395765e+01	 5.552073e+01	-1.192355e+01	-3.901706e-01	-4.158376e-01	 2.959842e+00	 5.443044e+00	 1.520741e-03	 1.271047e-03	-2.922917e-03	 5.552579e-03	-1.918722e-03	 2.094793e-02	 3.020398e-04	-3.035716e-04	 4.757338e-04	-1.387137e-01	-1.762389e-03	-2.370172e-05	-1.439169e-01	 2.693097e-12	 2.089673e-03	
-1.474453e-05	 1.281859e-04	-6.797677e-05	 6.902386e-03	 4.764937e-03	 5.815660e-04	-5.382477e+01	 7.562879e-01	 1.390466e+00	-2.311151e+01	 2.798991e+01	 5.552073e+01	 1.049087e+02	-1.032151e+01	-3.218933e-01	-1.007700e+00	 3.592986e+00	 3.075789e+01	-4.364599e-03	-1.417918e-03	-8.603287e-03	 3.773815e-03	 1.514656e-02	 4.176876e-02	 3.680665e-04	-1.275648e-03	 8.559268e-04	 6.351005e-02	-1.006092e-03	-6.292299e-06	-8.161807e-02	 1.457352e-11	 4.684168e-03	
-4.003583e-05	 1.329145e-04	 1.780973e-05	-3.488042e-03	-2.985824e-03	-1.151672e-03	-1.870965e+00	 4.860212e-02	-7.525323e-02	-1.520643e+01	-1.355706e+01	-1.192355e+01	-1.032151e+01	 7.785779e+00	-6.122644e-02	-2.042532e-01	-4.161623e-01	 1.583647e-01	-3.342832e-04	-7.609483e-04	 1.019171e-03	-1.957509e-05	 1.974643e-04	-1.674822e-02	 8.165426e-06	-4.271897e-05	-2.194064e-05	-1.046181e-01	-9.192892e-04	-1.703507e-05	-7.761806e-02	-7.371422e-12	-1.706138e-03	
-1.387342e-06	-1.103754e-05	-4.464268e-06	-5.905463e-05	 3.648002e-04	 5.192212e-05	 2.124465e-01	-8.043469e-03	-2.187629e-01	-5.445387e+00	 7.157683e-02	-3.901706e-01	-3.218933e-01	-6.122644e-02	 3.365930e+00	 4.990428e-01	 5.833385e-02	-1.488757e-02	 5.346844e-04	 3.208623e-04	 1.868686e-04	-2.069774e-03	-1.177911e-03	 6.347467e-06	 1.843760e-04	 1.187724e-06	 7.130388e-05	 5.735433e-03	 3.840099e-05	-5.834308e-07	 1.122586e-03	-1.259196e-13	 5.341535e-05	
-7.625756e-06	 1.219202e-05	 8.225573e-06	-5.846251e-04	-2.956542e-04	-7.841479e-05	 4.343925e-01	 1.729868e-02	 1.410719e-01	 5.704634e+00	-1.288342e+00	-4.158376e-01	-1.007700e+00	-2.042532e-01	 4.990428e-01	 3.169107e+00	 2.631589e+00	 2.609319e+00	 7.256766e-04	-5.732753e-04	 5.571640e-04	-6.592775e-04	 1.630548e-03	 1.227917e-03	-1.868412e-04	-4.256210e-05	 4.081484e-05	-5.844999e-03	-8.639674e-05	-3.242770e-06	-8.572148e-03	-1.233754e-12	-2.472035e-04	
-2.799000e-05	 5.242756e-05	-1.584491e-06	-1.337603e-03	-9.396066e-04	-2.849374e-04	-6.269143e+00	 1.528954e-01	 2.239791e+00	-1.215238e+01	 1.527091e+00	 2.959842e+00	 3.592986e+00	-4.161623e-01	 5.833385e-02	 2.631589e+00	 1.035488e+01	 1.879872e+01	 9.314507e-04	-7.980040e-04	-1.420138e-03	 1.886931e-04	-5.595261e-04	 1.142494e-02	-6.267735e-05	 4.085898e-04	-5.014282e-05	-2.157337e-02	-4.587768e-04	-1.190449e-05	-4.473423e-02	-2.829921e-12	-5.400643e-04	
-3.205706e-05	 3.270045e-05	-1.955165e-05	 6.689969e-04	 1.740383e-04	 9.651974e-05	-3.397079e+01	 2.129701e-01	 2.947363e+00	-2.557896e+01	 9.758774e-01	 5.443044e+00	 3.075789e+01	 1.583647e-01	-1.488757e-02	 2.609319e+00	 1.879872e+01	 5.316814e+01	-1.196252e-03	-2.646728e-03	-2.827989e-03	 1.549972e-03	 4.107219e-03	 3.203566e-02	 4.301280e-05	 9.480020e-04	 5.288198e-04	 1.723822e-02	-4.275493e-04	-1.362671e-05	-4.754447e-02	 1.395179e-12	 5.490388e-04	
-4.972827e-08	 8.641078e-07	-1.693347e-07	-2.987301e-06	-3.082437e-06	-3.462116e-06	 4.102741e-03	 5.589154e-05	 1.723582e-03	-8.514168e-03	-2.785987e-03	 1.520741e-03	-4.364599e-03	-3.342832e-04	 5.346844e-04	 7.256766e-04	 9.314507e-04	-1.196252e-03	 1.436958e-03	 2.655451e-04	 9.175458e-05	-3.527505e-04	-9.540882e-05	-7.552840e-05	 8.107610e-08	 1.141762e-07	 9.963324e-07	-3.154820e-04	-5.530808e-06	-2.128102e-08	-4.096858e-04	-6.456259e-15	 8.031079e-07	
-1.303253e-07	 2.133314e-07	-1.781376e-07	-8.006929e-07	 1.521819e-07	 3.176026e-07	 2.971658e-03	-1.724456e-05	 4.507308e-06	 4.554901e-03	 1.721331e-03	 1.271047e-03	-1.417918e-03	-7.609483e-04	 3.208623e-04	-5.732753e-04	-7.980040e-04	-2.646728e-03	 2.655451e-04	 8.668043e-04	 2.025832e-05	 7.389221e-04	 5.426839e-05	-7.319546e-04	 9.127378e-08	 1.348837e-07	-5.232995e-07	 7.303650e-05	-2.537914e-06	-5.552173e-08	-2.533020e-04	-1.912744e-15	 7.701618e-07	
-1.655198e-07	 1.119012e-06	-6.235676e-08	-1.372731e-05	-7.600633e-07	-5.338850e-06	 4.342924e-03	-1.172436e-04	-5.328800e-05	 2.591517e-02	-4.165290e-03	-2.922917e-03	-8.603287e-03	 1.019171e-03	 1.868686e-04	 5.571640e-04	-1.420138e-03	-2.827989e-03	 9.175458e-05	 2.025832e-05	 7.316412e-03	-3.373761e-04	 5.824483e-04	 4.564756e-03	-1.906316e-07	 5.033104e-07	-2.055404e-06	-4.611416e-04	-7.364205e-06	-7.070348e-08	-5.676793e-04	-2.907765e-14	-1.467140e-06	
-2.710839e-07	 3.565906e-07	-2.184966e-07	-9.535893e-06	-5.288128e-07	-1.037595e-06	-1.763304e-03	 7.414495e-05	-2.305855e-04	 1.433012e-02	 4.213746e-03	 5.552579e-03	 3.773815e-03	-1.957509e-05	-2.069774e-03	-6.592775e-04	 1.886931e-04	 1.549972e-03	-3.527505e-04	 7.389221e-04	-3.373761e-04	 2.901934e-03	 5.196883e-04	-1.035326e-03	 6.053558e-08	 4.020628e-07	-3.509205e-06	-4.068542e-05	-4.338894e-06	-1.154452e-07	-4.446479e-04	-2.008327e-14	-1.959884e-06	
-4.216649e-07	 1.742836e-06	 7.067707e-08	-4.355613e-06	 1.623786e-06	-4.995698e-06	-1.019769e-02	-1.140844e-04	-2.105397e-03	 8.478776e-03	-2.712267e-04	-1.918722e-03	 1.514656e-02	 1.974643e-04	-1.177911e-03	 1.630548e-03	-5.595261e-04	 4.107219e-03	-9.540882e-05	 5.426839e-05	 5.824483e-04	 5.196883e-04	 6.348081e-03	 7.923409e-03	-7.260065e-07	-5.203857e-07	 1.045881e-06	-3.276063e-04	-1.195229e-05	-1.797135e-07	-9.777154e-04	-9.664395e-15	 6.315783e-06	
-1.495696e-06	 4.171135e-06	 4.203749e-07	 1.571120e-05	 2.233160e-05	-5.408280e-08	-1.961043e-02	 5.655734e-04	-6.272900e-03	 7.858171e-02	 3.717164e-02	 2.094793e-02	 4.176876e-02	-1.674822e-02	 6.347467e-06	 1.227917e-03	 1.142494e-02	 3.203566e-02	-7.552840e-05	-7.319546e-04	 4.564756e-03	-1.035326e-03	 7.923409e-03	 7.183111e-02	-8.625750e-07	-3.751960e-08	 3.688872e-06	 4.553498e-04	-3.066816e-05	-6.366801e-07	-2.704844e-03	 3.248662e-14	 3.359763e-05	
 2.438170e-09	-1.061746e-08	 2.378992e-09	 7.651063e-08	-7.828978e-08	-1.630471e-08	-2.345732e-04	 5.030913e-06	 8.818881e-05	 3.785902e-03	-4.596924e-05	 3.020398e-04	 3.680665e-04	 8.165426e-06	 1.843760e-04	-1.868412e-04	-6.267735e-05	 4.301280e-05	 8.107610e-08	 9.127378e-08	-1.906316e-07	 6.053558e-08	-7.260065e-07	-8.625750e-07	 3.764479e-07	-2.388982e-09	-1.660040e-09	-2.798957e-06	 7.999815e-08	 1.039209e-09	 6.802829e-06	 1.649042e-16	-3.639345e-08	
-2.383970e-09	 9.121275e-09	 1.606949e-09	-1.170763e-07	-4.811212e-08	-9.631813e-08	 7.334948e-04	-1.067653e-06	-7.062546e-05	 1.048597e-03	 2.973943e-04	-3.035716e-04	-1.275648e-03	-4.271897e-05	 1.187724e-06	-4.256210e-05	 4.085898e-04	 9.480020e-04	 1.141762e-07	 1.348837e-07	 5.033104e-07	 4.020628e-07	-5.203857e-07	-3.751960e-08	-2.388982e-09	 3.981579e-07	 2.715085e-08	-9.024868e-06	-5.913408e-08	-1.013510e-09	-4.884984e-06	-2.477670e-16	-2.021806e-08	
 1.712255e-08	-1.810220e-07	 1.891054e-08	 8.831682e-06	 5.518275e-07	-1.517864e-06	 9.653883e-04	 8.654210e-07	-6.784969e-05	 4.591105e-03	 8.206251e-04	 4.757338e-04	 8.559268e-04	-2.194064e-05	 7.130388e-05	 4.081484e-05	-5.014282e-05	 5.288198e-04	 9.963324e-07	-5.232995e-07	-2.055404e-06	-3.509205e-06	 1.045881e-06	 3.688872e-06	-1.660040e-09	 2.715085e-08	 6.137841e-06	-1.608163e-04	 1.151405e-06	 7.287930e-09	 8.627959e-05	 1.862322e-14	 3.090214e-06	
 1.651721e-05	-2.294936e-04	 8.947629e-06	 9.497867e-03	 8.193330e-04	 5.228624e-03	-1.745506e-01	 2.967555e-03	 4.643549e-03	-6.201474e-01	-3.053174e-01	-1.387137e-01	 6.351005e-02	-1.046181e-01	 5.735433e-03	-5.844999e-03	-2.157337e-02	 1.723822e-02	-3.154820e-04	 7.303650e-05	-4.611416e-04	-4.068542e-05	-3.276063e-04	 4.553498e-04	-2.798957e-06	-9.024868e-06	-1.608163e-04	 5.192310e-01	 1.385606e-03	 7.036171e-06	 9.944069e-02	 2.004445e-11	 3.272173e-03	
 4.382847e-07	-5.295812e-06	 3.822382e-07	 2.169221e-05	 1.338610e-05	 1.558098e-05	-4.958307e-04	 2.784836e-05	 1.094888e-05	-7.392931e-04	-3.481145e-03	-1.762389e-03	-1.006092e-03	-9.192892e-04	 3.840099e-05	-8.639674e-05	-4.587768e-04	-4.275493e-04	-5.530808e-06	-2.537914e-06	-7.364205e-06	-4.338894e-06	-1.195229e-05	-3.066816e-05	 7.999815e-08	-5.913408e-08	 1.151405e-06	 1.385606e-03	 3.284355e-05	 1.866080e-07	 2.406727e-03	 4.578112e-14	-6.310385e-06	
 7.905750e-09	-2.383836e-08	 2.382069e-09	 1.767979e-07	 7.109219e-08	 9.192372e-08	-1.782039e-05	 7.304030e-07	 2.522072e-07	-6.192986e-05	-6.210142e-05	-2.370172e-05	-6.292299e-06	-1.703507e-05	-5.834308e-07	-3.242770e-06	-1.190449e-05	-1.362671e-05	-2.128102e-08	-5.552173e-08	-7.070348e-08	-1.154452e-07	-1.797135e-07	-6.366801e-07	 1.039209e-09	-1.013510e-09	 7.287930e-09	 7.036171e-06	 1.866080e-07	 3.365918e-09	 1.644887e-05	 3.736716e-16	-1.622597e-08	
 3.863470e-05	-3.747971e-04	 3.858176e-05	 1.654159e-03	 9.748391e-04	 1.134392e-03	-4.775606e-02	 2.720051e-03	-5.328916e-05	-1.020476e-01	-2.964657e-01	-1.439169e-01	-8.161807e-02	-7.761806e-02	 1.122586e-03	-8.572148e-03	-4.473423e-02	-4.754447e-02	-4.096858e-04	-2.533020e-04	-5.676793e-04	-4.446479e-04	-9.777154e-04	-2.704844e-03	 6.802829e-06	-4.884984e-06	 8.627959e-05	 9.944069e-02	 2.406727e-03	 1.644887e-05	 1.811298e-01	 3.492069e-12	-4.102781e-04	
 8.773584e-16	-7.053805e-15	 5.712825e-16	 4.294968e-13	 2.650158e-14	 2.024930e-13	-5.780582e-12	 2.536101e-13	-1.258881e-12	-3.521908e-12	-2.988402e-12	 2.693097e-12	 1.457352e-11	-7.371422e-12	-1.259196e-13	-1.233754e-12	-2.829921e-12	 1.395179e-12	-6.456259e-15	-1.912744e-15	-2.907765e-14	-2.008327e-14	-9.664395e-15	 3.248662e-14	 1.649042e-16	-2.477670e-16	 1.862322e-14	 2.004445e-11	 4.578112e-14	 3.736716e-16	 3.492069e-12	 9.067637e-22	 1.555549e-13	
-3.816821e-08	 1.197186e-06	 1.492128e-07	 7.368124e-05	 1.662157e-06	 3.227061e-05	-1.668582e-03	 5.733960e-05	-3.207099e-04	-2.564484e-03	 8.758242e-04	 2.089673e-03	 4.684168e-03	-1.706138e-03	 5.341535e-05	-2.472035e-04	-5.400643e-04	 5.490388e-04	 8.031079e-07	 7.701618e-07	-1.467140e-06	-1.959884e-06	 6.315783e-06	 3.359763e-05	-3.639345e-08	-2.021806e-08	 3.090214e-06	 3.272173e-03	-6.310385e-06	-1.622597e-08	-4.102781e-04	 1.555549e-13	 3.470060e-05	
