#          omega_b,        omega_cdm,      100*theta_s,     ln10^{10}A_s,              n_s,         tau_reio,         A_planck,           z_reio,     Omega_Lambda,              YHe,               H0,              A_s,           sigma8
 2.221267e-08	-1.192267e-07	 1.094801e-08	 2.536378e-07	 2.953536e-07	 2.134089e-07	 1.686694e-08	 1.506093e-05	 8.336769e-07	 9.471604e-09	 6.585717e-05	 5.333899e-16	-2.787407e-07	
-1.192267e-07	 1.900631e-06	-1.134661e-07	-5.379933e-07	-4.395071e-06	-2.464059e-06	-9.930744e-08	-1.959098e-04	-1.160864e-05	-5.084184e-08	-8.161508e-04	-1.133779e-15	 5.089860e-06	
 1.094801e-08	-1.134661e-07	 8.625076e-08	 1.622982e-07	 3.672300e-07	 1.648938e-07	 2.242341e-08	 1.285377e-05	 9.675368e-07	 4.668105e-09	 7.874528e-05	 3.422215e-16	-1.591218e-07	
 2.536378e-07	-5.379933e-07	 1.622982e-07	 2.544521e-04	 4.794666e-06	 1.141732e-04	 1.192975e-05	 1.164079e-02	 5.077589e-06	 1.081710e-07	 4.750650e-04	 5.352683e-13	 1.020989e-04	
 2.953536e-07	-4.395071e-06	 3.672300e-07	 4.794666e-06	 1.902137e-05	 8.184586e-06	 2.703062e-07	 7.029072e-04	 2.729673e-05	 1.259436e-07	 1.940230e-03	 1.011122e-14	-7.601166e-06	
 2.134089e-07	-2.464059e-06	 1.648938e-07	 1.141732e-04	 8.184586e-06	 6.014721e-05	-1.261097e-07	 6.079592e-03	 1.546706e-05	 9.100855e-08	 1.118089e-03	 2.402043e-13	 3.999041e-05	
 1.686694e-08	-9.930744e-08	 2.242341e-08	 1.192975e-05	 2.703062e-07	-1.261097e-07	 6.164335e-06	-1.796269e-05	 7.309377e-07	 7.197065e-09	 5.766594e-05	 2.507302e-14	 4.555266e-06	
 1.506093e-05	-1.959098e-04	 1.285377e-05	 1.164079e-02	 7.029072e-04	 6.079592e-03	-1.796269e-05	 6.178142e-01	 1.216967e-03	 6.423505e-06	 8.707913e-02	 2.447995e-11	 4.242494e-03	
 8.336769e-07	-1.160864e-05	 9.675368e-07	 5.077589e-06	 2.729673e-05	 1.546706e-05	 7.309377e-07	 1.216967e-03	 7.245358e-05	 3.555146e-07	 5.171684e-03	 1.069443e-14	-3.036750e-05	
 9.471604e-09	-5.084184e-08	 4.668105e-09	 1.081710e-07	 1.259436e-07	 9.100855e-08	 7.197065e-09	 6.423505e-06	 3.555146e-07	 4.038797e-09	 2.808240e-05	 2.274779e-16	-1.188482e-07	
 6.585717e-05	-8.161508e-04	 7.874528e-05	 4.750650e-04	 1.940230e-03	 1.118089e-03	 5.766594e-05	 8.707913e-02	 5.171684e-03	 2.808240e-05	 3.738303e-01	 1.000168e-12	-2.100610e-03	
 5.333899e-16	-1.133779e-15	 3.422215e-16	 5.352683e-13	 1.011122e-14	 2.402043e-13	 2.507302e-14	 2.447995e-11	 1.069443e-14	 2.274779e-16	 1.000168e-12	 1.126161e-21	 2.147942e-13	
-2.787407e-07	 5.089860e-06	-1.591218e-07	 1.020989e-04	-7.601166e-06	 3.999041e-05	 4.555266e-06	 4.242494e-03	-3.036750e-05	-1.188482e-07	-2.100610e-03	 2.147942e-13	 5.691234e-05	
