#          omega_b,        omega_cdm,      100*theta_s,     ln10^{10}A_s,              n_s,         tau_reio,        A_cib_217,        xi_sz_cib,             A_sz,     ps_A_100_100,     ps_A_143_143,     ps_A_143_217,     ps_A_217_217,         ksz_norm,     gal545_A_100,     gal545_A_143, gal545_A_143_217,     gal545_A_217,    galf_TE_A_100, galf_TE_A_100_143, galf_TE_A_100_217,    galf_TE_A_143, galf_TE_A_143_217,    galf_TE_A_217,       calib_100T,       calib_217T,         A_planck,           z_reio,     Omega_Lambda,              YHe,               H0,              A_s,           sigma8
 2.045875e-08	-9.284713e-08	 9.289611e-09	 5.052319e-07	 2.305603e-07	 2.984880e-07	-7.783205e-05	 2.182747e-06	 1.968998e-05	-3.085608e-04	-1.831957e-04	-3.443221e-05	 2.800014e-05	-4.088551e-05	-7.707018e-06	-5.446810e-06	-2.652818e-06	 1.855711e-05	 7.009565e-08	-1.415672e-08	-3.073146e-07	-1.891752e-07	-6.112320e-07	-2.493899e-06	 1.193843e-09	-1.754162e-09	 2.009136e-08	 2.436883e-05	 6.710000e-07	 8.721194e-09	 5.442656e-05	 1.065390e-15	-1.052402e-07	
-9.284713e-08	 1.449614e-06	-8.473274e-08	-4.895390e-06	-3.329917e-06	-3.809046e-06	 1.253809e-04	-3.511099e-06	-6.270166e-05	 9.186898e-04	 9.185519e-04	 3.468202e-04	 8.643085e-05	 1.546462e-04	 2.163089e-05	 2.616137e-05	 7.431398e-05	 9.176794e-05	 2.823221e-07	-2.595263e-07	 2.013369e-06	 1.970343e-06	 2.800585e-06	 1.238496e-05	-3.077101e-09	 1.498565e-08	-2.810864e-07	-3.441662e-04	-8.853266e-06	-3.958069e-08	-6.238150e-04	-1.033178e-14	 2.095749e-06	
 9.289611e-09	-8.473274e-08	 8.745573e-08	 4.559913e-07	 3.386283e-07	 2.558235e-07	 3.598035e-06	-2.551414e-07	 1.025783e-05	 1.444364e-05	-7.685747e-05	-1.810563e-05	-1.325101e-05	-7.651604e-07	 1.349217e-06	-3.044466e-06	-1.382996e-06	-2.384844e-07	 1.505865e-07	 9.972176e-08	 1.545748e-07	-3.091326e-07	-5.920978e-07	-9.275072e-07	 1.153472e-09	 1.281981e-10	 3.801842e-08	 2.281672e-05	 8.012543e-07	 3.962134e-09	 6.753707e-05	 9.618473e-16	 5.144642e-08	
 5.052319e-07	-4.895390e-06	 4.559913e-07	 2.141929e-04	 1.506765e-05	 1.023491e-04	-3.146146e-03	 1.244695e-04	 9.114789e-04	-1.214835e-02	-6.936385e-03	 1.431150e-03	 4.708528e-03	-2.378831e-03	-1.675451e-04	-4.444785e-04	-9.358189e-04	 1.224362e-03	-1.066278e-05	 1.152248e-07	-3.308701e-05	-5.610186e-06	-2.357517e-06	-2.960896e-05	 7.586101e-08	-1.305871e-07	 9.476560e-06	 1.020833e-02	 3.165924e-05	 2.154335e-07	 2.336765e-03	 4.518554e-13	 7.375244e-05	
 2.305603e-07	-3.329917e-06	 3.386283e-07	 1.506765e-05	 1.699862e-05	 1.159099e-05	-4.323454e-03	 8.701075e-05	 9.838716e-04	-2.324731e-02	-6.966921e-03	 1.415779e-03	 4.926138e-03	-2.381275e-03	 2.734691e-04	-3.157732e-04	-3.563375e-04	 1.199691e-03	-7.145740e-07	 9.036843e-07	-4.212555e-06	-6.303738e-06	-6.766323e-06	-3.096368e-05	-1.276658e-07	-7.629762e-08	 4.947788e-07	 1.078409e-03	 2.089872e-05	 9.829102e-08	 1.496782e-03	 3.178202e-14	-3.472789e-07	
 2.984880e-07	-3.809046e-06	 2.558235e-07	 1.023491e-04	 1.159099e-05	 5.696359e-05	-1.726318e-03	 3.493267e-05	 5.914167e-04	-8.649347e-03	-5.175535e-03	-9.178637e-04	-3.247229e-04	-1.123123e-03	 2.839344e-05	-3.240106e-05	-2.797415e-04	 3.490787e-05	-4.934605e-06	 1.682573e-06	-1.930155e-05	-3.083728e-06	-5.286757e-06	-3.270490e-05	-3.312872e-08	-6.177807e-08	-1.056756e-06	 5.662972e-03	 2.371679e-05	 1.272619e-07	 1.699520e-03	 2.159551e-13	 3.151061e-05	
-7.783205e-05	 1.253809e-04	 3.598035e-06	-3.146146e-03	-4.323454e-03	-1.726318e-03	 4.486710e+01	-4.179087e-01	-9.888520e-01	 3.789461e+01	 1.519855e+00	-1.391828e+01	-5.566231e+01	-1.433096e-01	 1.287304e-01	 3.903948e-01	-6.286649e+00	-3.385265e+01	 3.948953e-03	-1.488843e-05	 5.776166e-03	-8.187950e-04	 4.261713e-03	 1.440392e-02	-1.556318e-04	 7.207434e-04	 7.923862e-04	-1.572243e-01	-1.175376e-03	-3.318292e-05	-1.135382e-01	-6.620937e-12	-1.871389e-03	
 2.182747e-06	-3.511099e-06	-2.551414e-07	 1.244695e-04	 8.701075e-05	 3.493267e-05	-4.179087e-01	 8.114936e-02	-4.089783e-02	-5.596533e-01	 9.215793e-01	 1.703289e+00	 6.605320e-01	 4.617951e-02	-1.342596e-02	 1.336229e-02	 1.271426e-01	 1.865694e-01	-6.977698e-05	-5.350514e-05	 1.945601e-04	-9.212123e-05	-1.455008e-04	 1.644022e-03	 3.441948e-06	-7.955741e-07	 6.372908e-06	 3.140425e-03	 3.260683e-05	 9.323128e-07	 3.130967e-03	 2.611798e-13	 5.655158e-05	
 1.968998e-05	-6.270166e-05	 1.025783e-05	 9.114789e-04	 9.838716e-04	 5.914167e-04	-9.888520e-01	-4.089783e-02	 3.750404e+00	-2.923911e+01	-3.081671e+00	 7.480325e+00	 5.427965e+00	-2.717572e+00	-2.025059e-01	 1.752484e-01	 2.612494e+00	 3.361590e+00	 1.995130e-04	-7.325244e-04	 9.762278e-04	-8.280027e-04	-1.536370e-03	 2.135343e-03	 9.291081e-05	-4.538030e-05	-6.973353e-05	 5.398771e-02	 5.016616e-04	 8.385932e-06	 4.341721e-02	 1.934778e-12	 3.932755e-04	
-3.085608e-04	 9.186898e-04	 1.444364e-05	-1.214835e-02	-2.324731e-02	-8.649347e-03	 3.789461e+01	-5.596533e-01	-2.923911e+01	 7.683445e+02	 6.880464e+01	-5.196087e+01	-6.111540e+01	 1.326026e+01	-6.212659e+00	 5.112914e+00	-1.265769e+01	-2.687284e+01	 7.839588e-03	 2.565901e-03	 1.409289e-02	-4.656200e-03	 7.724281e-03	 3.931931e-03	 3.832568e-03	 5.594092e-04	 3.765923e-03	-7.937896e-01	-6.974561e-03	-1.315245e-04	-5.997065e-01	-2.558406e-11	-7.714734e-03	
-1.831957e-04	 9.185519e-04	-7.685747e-05	-6.936385e-03	-6.966921e-03	-5.175535e-03	 1.519855e+00	 9.215793e-01	-3.081671e+00	 6.880464e+01	 6.168582e+01	 4.096841e+01	 1.567890e+01	-5.187336e+00	-6.458016e-01	-1.415984e+00	 3.637120e+00	 4.535759e+00	 1.244113e-03	 4.857005e-04	 1.202693e-02	 3.777422e-03	 6.093449e-03	 6.749587e-02	 1.502229e-04	 1.038402e-04	 6.227702e-04	-4.715132e-01	-6.485549e-03	-7.809859e-05	-5.154843e-01	-1.463933e-11	-1.248320e-03	
-3.443221e-05	 3.468202e-04	-1.810563e-05	 1.431150e-03	 1.415779e-03	-9.178637e-04	-1.391828e+01	 1.703289e+00	 7.480325e+00	-5.196087e+01	 4.096841e+01	 8.518635e+01	 5.397964e+01	-1.192381e+01	-1.087478e+00	-5.802720e-01	 5.347557e+00	 9.245529e+00	 3.402847e-04	-2.542541e-03	 1.122158e-02	-2.820347e-03	-4.937956e-03	 5.281979e-02	 4.249551e-04	-3.885957e-04	 3.479000e-04	-7.981319e-02	-2.204057e-03	-1.467130e-05	-1.591346e-01	 3.029708e-12	 2.272673e-03	
 2.800014e-05	 8.643085e-05	-1.325101e-05	 4.708528e-03	 4.926138e-03	-3.247229e-04	-5.566231e+01	 6.605320e-01	 5.427965e+00	-6.111540e+01	 1.567890e+01	 5.397964e+01	 1.049678e+02	-9.340278e+00	-6.708257e-01	-9.962092e-01	 6.009382e+00	 3.418316e+01	-3.604620e-03	-6.301282e-04	-1.898227e-03	-6.118242e-04	-2.196355e-03	-1.919838e-03	 4.301983e-04	-1.392115e-03	 1.092786e-03	-3.715813e-02	-3.487686e-04	 1.192319e-05	-9.373664e-03	 9.914901e-12	 3.577389e-03	
-4.088551e-05	 1.546462e-04	-7.651604e-07	-2.378831e-03	-2.381275e-03	-1.123123e-03	-1.433096e-01	 4.617951e-02	-2.717572e+00	 1.326026e+01	-5.187336e+00	-1.192381e+01	-9.340278e+00	 5.961790e+00	 1.406919e-01	-2.217334e-01	-2.153372e+00	-2.421928e+00	-1.326905e-05	 3.149934e-04	-5.195035e-04	 1.449833e-03	 1.640295e-03	 2.521963e-03	-7.978650e-05	 4.867663e-06	 1.227487e-04	-1.024645e-01	-1.109915e-03	-1.741711e-05	-9.203128e-02	-5.025539e-12	-1.015032e-03	
-7.707018e-06	 2.163089e-05	 1.349217e-06	-1.675451e-04	 2.734691e-04	 2.839344e-05	 1.287304e-01	-1.342596e-02	-2.025059e-01	-6.212659e+00	-6.458016e-01	-1.087478e+00	-6.708257e-01	 1.406919e-01	 3.309685e+00	 4.927455e-01	 1.097125e-01	 9.362130e-02	-6.810589e-04	 1.221716e-03	 4.098611e-04	 4.801673e-04	-4.012026e-04	-2.708045e-03	 1.841179e-04	-9.075233e-06	 2.869635e-05	 5.545779e-03	-1.635533e-04	-3.287045e-06	-1.419310e-02	-3.616170e-13	 1.188508e-04	
-5.446810e-06	 2.616137e-05	-3.044466e-06	-4.444785e-04	-3.157732e-04	-3.240106e-05	 3.903948e-01	 1.336229e-02	 1.752484e-01	 5.112914e+00	-1.415984e+00	-5.802720e-01	-9.962092e-01	-2.217334e-01	 4.927455e-01	 3.075565e+00	 2.639109e+00	 2.714136e+00	-9.052500e-04	-5.680210e-04	 4.441299e-05	-5.644248e-04	-2.156690e-04	-2.577189e-03	-1.673354e-04	-3.178946e-05	 3.209732e-05	-1.466887e-03	-1.874529e-04	-2.325728e-06	-1.526847e-02	-9.383105e-13	-1.700879e-04	
-2.652818e-06	 7.431398e-05	-1.382996e-06	-9.358189e-04	-3.563375e-04	-2.797415e-04	-6.286649e+00	 1.271426e-01	 2.612494e+00	-1.265769e+01	 3.637120e+00	 5.347557e+00	 6.009382e+00	-2.153372e+00	 1.097125e-01	 2.639109e+00	 1.089194e+01	 1.967887e+01	-1.329422e-03	-8.250508e-04	 1.289899e-03	-6.214869e-04	-4.808944e-04	 1.325629e-02	-3.200616e-05	 4.144490e-04	-7.906139e-05	-2.740933e-02	-4.282484e-04	-1.138681e-06	-2.926272e-02	-1.975087e-12	-2.304484e-04	
 1.855711e-05	 9.176794e-05	-2.384844e-07	 1.224362e-03	 1.199691e-03	 3.490787e-05	-3.385265e+01	 1.865694e-01	 3.361590e+00	-2.687284e+01	 4.535759e+00	 9.245529e+00	 3.418316e+01	-2.421928e+00	 9.362130e-02	 2.714136e+00	 1.967887e+01	 5.412006e+01	-4.007822e-03	-6.919959e-04	-2.368089e-03	 7.413751e-05	-4.962812e-03	 5.581325e-03	 2.066944e-05	 9.239725e-04	 4.592893e-04	 6.973280e-05	-3.831179e-04	 7.903380e-06	-1.595504e-02	 2.566909e-12	 1.099087e-03	
 7.009565e-08	 2.823221e-07	 1.505865e-07	-1.066278e-05	-7.145740e-07	-4.934605e-06	 3.948953e-03	-6.977698e-05	 1.995130e-04	 7.839588e-03	 1.244113e-03	 3.402847e-04	-3.604620e-03	-1.326905e-05	-6.810589e-04	-9.052500e-04	-1.329422e-03	-4.007822e-03	 1.445688e-03	 2.796946e-04	 1.210276e-04	-3.517663e-04	-9.506670e-05	-7.781206e-05	 2.894732e-08	 4.229022e-09	-6.608669e-07	-5.210937e-04	-6.675522e-07	 2.967569e-08	 1.555891e-05	-2.232630e-14	-3.753914e-06	
-1.415672e-08	-2.595263e-07	 9.972176e-08	 1.152248e-07	 9.036843e-07	 1.682573e-06	-1.488843e-05	-5.350514e-05	-7.325244e-04	 2.565901e-03	 4.857005e-04	-2.542541e-03	-6.301282e-04	 3.149934e-04	 1.221716e-03	-5.680210e-04	-8.250508e-04	-6.919959e-04	 2.796946e-04	 8.728965e-04	 7.001707e-05	 7.181070e-04	 7.251561e-05	-7.247527e-04	 2.902556e-08	 1.655171e-07	-1.204641e-06	 1.769339e-04	 1.620473e-06	-6.173907e-09	 1.136259e-04	 1.775859e-16	-4.270467e-07	
-3.073146e-07	 2.013369e-06	 1.545748e-07	-3.308701e-05	-4.212555e-06	-1.930155e-05	 5.776166e-03	 1.945601e-04	 9.762278e-04	 1.409289e-02	 1.202693e-02	 1.122158e-02	-1.898227e-03	-5.195035e-04	 4.098611e-04	 4.441299e-05	 1.289899e-03	-2.368089e-03	 1.210276e-04	 7.001707e-05	 7.087035e-03	-2.398362e-04	 6.976955e-04	 4.299167e-03	 1.903202e-07	-2.959272e-08	 1.064987e-06	-1.888661e-03	-1.253116e-05	-1.308053e-07	-9.393560e-04	-6.938103e-14	-6.584536e-06	
-1.891752e-07	 1.970343e-06	-3.091326e-07	-5.610186e-06	-6.303738e-06	-3.083728e-06	-8.187950e-04	-9.212123e-05	-8.280027e-04	-4.656200e-03	 3.777422e-03	-2.820347e-03	-6.118242e-04	 1.449833e-03	 4.801673e-04	-5.644248e-04	-6.214869e-04	 7.413751e-05	-3.517663e-04	 7.181070e-04	-2.398362e-04	 2.844693e-03	 5.827636e-04	-9.372860e-04	-2.626651e-07	 3.333914e-07	-1.553862e-06	-2.074341e-04	-1.300444e-05	-8.080204e-08	-9.712401e-04	-1.217847e-14	 2.810155e-06	
-6.112320e-07	 2.800585e-06	-5.920978e-07	-2.357517e-06	-6.766323e-06	-5.286757e-06	 4.261713e-03	-1.455008e-04	-1.536370e-03	 7.724281e-03	 6.093449e-03	-4.937956e-03	-2.196355e-03	 1.640295e-03	-4.012026e-04	-2.156690e-04	-4.808944e-04	-4.962812e-03	-9.506670e-05	 7.251561e-05	 6.976955e-04	 5.827636e-04	 6.372839e-03	 7.528465e-03	-6.352238e-08	-1.557042e-07	 2.014575e-06	-3.589924e-04	-2.124772e-05	-2.604804e-07	-1.737499e-03	-4.988369e-15	 8.097000e-06	
-2.493899e-06	 1.238496e-05	-9.275072e-07	-2.960896e-05	-3.096368e-05	-3.270490e-05	 1.440392e-02	 1.644022e-03	 2.135343e-03	 3.931931e-03	 6.749587e-02	 5.281979e-02	-1.919838e-03	 2.521963e-03	-2.708045e-03	-2.577189e-03	 1.325629e-02	 5.581325e-03	-7.781206e-05	-7.247527e-04	 4.299167e-03	-9.372860e-04	 7.528465e-03	 7.036298e-02	 1.729842e-06	-5.079514e-08	 7.394678e-06	-2.451044e-03	-8.652553e-05	-1.063070e-06	-6.967829e-03	-6.286299e-14	 2.917989e-05	
 1.193843e-09	-3.077101e-09	 1.153472e-09	 7.586101e-08	-1.276658e-07	-3.312872e-08	-1.556318e-04	 3.441948e-06	 9.291081e-05	 3.832568e-03	 1.502229e-04	 4.249551e-04	 4.301983e-04	-7.978650e-05	 1.841179e-04	-1.673354e-04	-3.200616e-05	 2.066944e-05	 2.894732e-08	 2.902556e-08	 1.903202e-07	-2.626651e-07	-6.352238e-08	 1.729842e-06	 3.652524e-07	-4.823749e-09	-2.388117e-09	-3.648607e-06	 2.803521e-08	 5.079953e-10	 2.553958e-06	 1.605953e-16	-2.182092e-08	
-1.754162e-09	 1.498565e-08	 1.281981e-10	-1.305871e-07	-7.629762e-08	-6.177807e-08	 7.207434e-04	-7.955741e-07	-4.538030e-05	 5.594092e-04	 1.038402e-04	-3.885957e-04	-1.392115e-03	 4.867663e-06	-9.075233e-06	-3.178946e-05	 4.144490e-04	 9.239725e-04	 4.229022e-09	 1.655171e-07	-2.959272e-08	 3.333914e-07	-1.557042e-07	-5.079514e-08	-4.823749e-09	 3.822002e-07	-1.868457e-08	-5.695007e-06	-9.165259e-08	-7.459473e-10	-6.894171e-06	-2.768578e-16	-1.875965e-08	
 2.009136e-08	-2.810864e-07	 3.801842e-08	 9.476560e-06	 4.947788e-07	-1.056756e-06	 7.923862e-04	 6.372908e-06	-6.973353e-05	 3.765923e-03	 6.227702e-04	 3.479000e-04	 1.092786e-03	 1.227487e-04	 2.869635e-05	 3.209732e-05	-7.906139e-05	 4.592893e-04	-6.608669e-07	-1.204641e-06	 1.064987e-06	-1.553862e-06	 2.014575e-06	 7.394678e-06	-2.388117e-09	-1.868457e-08	 6.077960e-06	-1.176236e-04	 1.800047e-06	 8.573691e-09	 1.299814e-04	 1.995840e-14	 3.023909e-06	
 2.436883e-05	-3.441662e-04	 2.281672e-05	 1.020833e-02	 1.078409e-03	 5.662972e-03	-1.572243e-01	 3.140425e-03	 5.398771e-02	-7.937896e-01	-4.715132e-01	-7.981319e-02	-3.715813e-02	-1.024645e-01	 5.545779e-03	-1.466887e-03	-2.740933e-02	 6.973280e-05	-5.210937e-04	 1.769339e-04	-1.888661e-03	-2.074341e-04	-3.589924e-04	-2.451044e-03	-3.648607e-06	-5.695007e-06	-1.176236e-04	 5.654633e-01	 2.126263e-03	 1.039088e-05	 1.510700e-01	 2.153198e-11	 3.256953e-03	
 6.710000e-07	-8.853266e-06	 8.012543e-07	 3.165924e-05	 2.089872e-05	 2.371679e-05	-1.175376e-03	 3.260683e-05	 5.016616e-04	-6.974561e-03	-6.485549e-03	-2.204057e-03	-3.487686e-04	-1.109915e-03	-1.635533e-04	-1.874529e-04	-4.282484e-04	-3.831179e-04	-6.675522e-07	 1.620473e-06	-1.253116e-05	-1.300444e-05	-2.124772e-05	-8.652553e-05	 2.803521e-08	-9.165259e-08	 1.800047e-06	 2.126263e-03	 5.563009e-05	 2.860605e-07	 3.998682e-03	 6.680659e-14	-1.205534e-05	
 8.721194e-09	-3.958069e-08	 3.962134e-09	 2.154335e-07	 9.829102e-08	 1.272619e-07	-3.318292e-05	 9.323128e-07	 8.385932e-06	-1.315245e-04	-7.809859e-05	-1.467130e-05	 1.192319e-05	-1.741711e-05	-3.287045e-06	-2.325728e-06	-1.138681e-06	 7.903380e-06	 2.967569e-08	-6.173907e-09	-1.308053e-07	-8.080204e-08	-2.604804e-07	-1.063070e-06	 5.079953e-10	-7.459473e-10	 8.573691e-09	 1.039088e-05	 2.860605e-07	 3.717732e-09	 2.320208e-05	 4.542837e-16	-4.483181e-08	
 5.442656e-05	-6.238150e-04	 6.753707e-05	 2.336765e-03	 1.496782e-03	 1.699520e-03	-1.135382e-01	 3.130967e-03	 4.341721e-02	-5.997065e-01	-5.154843e-01	-1.591346e-01	-9.373664e-03	-9.203128e-02	-1.419310e-02	-1.526847e-02	-2.926272e-02	-1.595504e-02	 1.555891e-05	 1.136259e-04	-9.393560e-04	-9.712401e-04	-1.737499e-03	-6.967829e-03	 2.553958e-06	-6.894171e-06	 1.299814e-04	 1.510700e-01	 3.998682e-03	 2.320208e-05	 2.919897e-01	 4.930881e-12	-8.180157e-04	
 1.065390e-15	-1.033178e-14	 9.618473e-16	 4.518554e-13	 3.178202e-14	 2.159551e-13	-6.620937e-12	 2.611798e-13	 1.934778e-12	-2.558406e-11	-1.463933e-11	 3.029708e-12	 9.914901e-12	-5.025539e-12	-3.616170e-13	-9.383105e-13	-1.975087e-12	 2.566909e-12	-2.232630e-14	 1.775859e-16	-6.938103e-14	-1.217847e-14	-4.988369e-15	-6.286299e-14	 1.605953e-16	-2.768578e-16	 1.995840e-14	 2.153198e-11	 6.680659e-14	 4.542837e-16	 4.930881e-12	 9.533274e-22	 1.555757e-13	
-1.052402e-07	 2.095749e-06	 5.144642e-08	 7.375244e-05	-3.472789e-07	 3.151061e-05	-1.871389e-03	 5.655158e-05	 3.932755e-04	-7.714734e-03	-1.248320e-03	 2.272673e-03	 3.577389e-03	-1.015032e-03	 1.188508e-04	-1.700879e-04	-2.304484e-04	 1.099087e-03	-3.753914e-06	-4.270467e-07	-6.584536e-06	 2.810155e-06	 8.097000e-06	 2.917989e-05	-2.182092e-08	-1.875965e-08	 3.023909e-06	 3.256953e-03	-1.205534e-05	-4.483181e-08	-8.180157e-04	 1.555757e-13	 3.726921e-05	
