#          omega_b,        omega_cdm,      100*theta_s,     ln10^{10}A_s,              n_s,         tau_reio,        A_cib_217,        xi_sz_cib,             A_sz,     ps_A_100_100,     ps_A_143_143,     ps_A_143_217,     ps_A_217_217,         ksz_norm,     gal545_A_100,     gal545_A_143, gal545_A_143_217,     gal545_A_217,    galf_TE_A_100, galf_TE_A_100_143, galf_TE_A_100_217,    galf_TE_A_143, galf_TE_A_143_217,    galf_TE_A_217,       calib_100T,       calib_217T,         A_planck,           z_reio,     Omega_Lambda,              YHe,               H0,              A_s,           sigma8
 2.325388e-08	-1.215598e-07	 1.196059e-08	 4.135614e-07	 3.101255e-07	 3.021557e-07	-6.201871e-05	 1.694054e-06	 2.214394e-05	-3.577384e-04	-2.346527e-04	-6.526614e-05	-2.010355e-05	-4.014972e-05	 1.054400e-05	-2.632543e-07	-8.195269e-06	 4.178305e-07	-4.313402e-08	 2.175369e-08	-3.614730e-07	-2.978292e-07	-5.473436e-07	-3.355067e-06	 4.142383e-09	-9.382384e-10	 7.151866e-09	 2.389115e-05	 8.554100e-07	 9.918728e-09	 6.799721e-05	 8.712346e-16	-2.204451e-07	
-1.215598e-07	 1.961036e-06	-1.253789e-07	-1.365408e-06	-4.635346e-06	-2.914887e-06	 3.857293e-05	-2.600128e-07	-2.339744e-04	 2.128051e-03	 1.407133e-03	 5.724880e-04	 6.662154e-04	 1.275142e-04	-1.424956e-04	-3.129344e-05	-2.122544e-04	-3.079731e-04	 9.709824e-07	-2.937699e-07	 4.992669e-06	 2.258811e-06	 5.524550e-06	 2.245536e-05	-3.594679e-08	 2.737895e-09	-1.415911e-07	-2.401492e-04	-1.199115e-05	-5.184824e-08	-8.438669e-04	-2.901191e-15	 4.876237e-06	
 1.196059e-08	-1.253789e-07	 8.478980e-08	 2.006804e-07	 4.069434e-07	 2.447312e-07	 6.996263e-05	-1.062528e-06	 1.175012e-05	-2.082916e-04	-7.039886e-05	-5.214365e-05	-1.397213e-04	-2.470015e-07	 1.322034e-05	 1.346164e-05	 1.104561e-05	-1.751565e-05	-1.773814e-07	-4.077097e-07	-2.633806e-07	-9.864196e-07	-2.813361e-07	-1.047382e-08	 3.474482e-10	 5.298354e-09	-1.578294e-08	 2.016161e-05	 1.034580e-06	 5.100700e-09	 8.339937e-05	 4.280118e-16	-1.766737e-07	
 4.135614e-07	-1.365408e-06	 2.006804e-07	 2.473915e-04	 6.417963e-06	 1.117040e-04	-5.351033e-03	 1.726155e-04	 4.842614e-04	-3.617976e-03	 5.127178e-04	 8.706679e-03	 1.403547e-02	-5.035468e-03	-5.388596e-04	-7.587260e-04	-1.307890e-03	 2.489701e-03	 4.261308e-07	-3.687760e-06	 8.209706e-06	-1.291524e-05	-5.801799e-05	-1.037098e-04	 3.689249e-08	-2.052269e-07	 1.152708e-05	 1.134726e-02	 1.074197e-05	 1.764379e-07	 9.264833e-04	 5.194741e-13	 9.615558e-05	
 3.101255e-07	-4.635346e-06	 4.069434e-07	 6.417963e-06	 2.026459e-05	 9.319214e-06	-2.832316e-03	 8.665604e-05	 3.651359e-04	-1.361173e-02	-3.943047e-03	 1.908088e-03	 3.861582e-03	-3.153863e-03	 7.446276e-04	-1.991204e-04	-5.148923e-04	 1.635083e-04	-2.335950e-06	-7.273553e-07	-1.001897e-05	-1.029888e-05	-1.165287e-05	-5.367477e-05	-2.533829e-08	-8.507259e-08	 1.437472e-07	 8.105688e-04	 2.886237e-05	 1.322850e-07	 2.051339e-03	 1.354469e-14	-7.366197e-06	
 3.021557e-07	-2.914887e-06	 2.447312e-07	 1.117040e-04	 9.319214e-06	 5.942399e-05	-2.599819e-03	 5.717661e-05	 7.097313e-04	-9.265637e-03	-3.739608e-03	 1.480027e-03	 2.779540e-03	-1.819724e-03	 1.077685e-04	 8.170078e-06	-1.509243e-04	 8.746864e-04	-4.076651e-06	 2.708912e-07	-3.579384e-06	-7.676568e-06	-2.977255e-05	-8.022853e-05	-3.512992e-08	-7.963218e-08	-1.939583e-07	 5.982986e-03	 1.876252e-05	 1.288948e-07	 1.384840e-03	 2.346096e-13	 3.747036e-05	
-6.201871e-05	 3.857293e-05	 6.996263e-05	-5.351033e-03	-2.832316e-03	-2.599819e-03	 4.420888e+01	-4.314990e-01	-7.249206e-01	 4.057146e+01	 3.270725e+00	-1.246240e+01	-5.228865e+01	-1.924566e+00	 7.543346e-02	 6.770463e-01	-5.250308e+00	-3.221185e+01	 3.539082e-03	-1.822562e-03	 9.403118e-03	-1.053341e-02	-1.820052e-02	 1.813868e-02	-1.885382e-04	 8.123201e-04	 6.293495e-04	-2.546142e-01	-3.682474e-04	-2.644194e-05	-4.713918e-02	-1.118823e-11	-2.577294e-03	
 1.694054e-06	-2.600128e-07	-1.062528e-06	 1.726155e-04	 8.665604e-05	 5.717661e-05	-4.314990e-01	 8.049364e-02	-1.832932e-02	-9.356727e-01	 1.068485e+00	 2.064242e+00	 7.456848e-01	 3.761439e-02	-1.465309e-03	 1.169295e-02	 1.432648e-01	 1.759859e-01	-4.595657e-06	 4.659621e-05	-3.446033e-04	 3.698039e-04	 1.230828e-04	-6.987605e-04	 2.845995e-06	-4.224528e-06	 1.340768e-06	 5.501091e-03	 8.113017e-06	 7.245192e-07	 1.306422e-03	 3.617854e-13	 8.707853e-05	
 2.214394e-05	-2.339744e-04	 1.175012e-05	 4.842614e-04	 3.651359e-04	 7.097313e-04	-7.249206e-01	-1.832932e-02	 3.516316e+00	-3.193688e+01	-7.561496e+00	 2.351293e+00	 7.780377e-01	-1.719368e-01	-2.609672e-01	-2.462187e-03	 2.097517e+00	 2.567832e+00	 1.138613e-03	 1.548102e-03	-2.057892e-05	-1.564813e-03	 5.024110e-04	-2.026871e-02	 9.803526e-05	-4.589413e-05	 3.596255e-05	 6.349417e-02	 1.464926e-03	 9.429535e-06	 1.066176e-01	 1.037058e-12	-5.422745e-04	
-3.577384e-04	 2.128051e-03	-2.082916e-04	-3.617976e-03	-1.361173e-02	-9.265637e-03	 4.057146e+01	-9.356727e-01	-3.193688e+01	 8.589719e+02	 1.197674e+02	-1.330496e+01	-2.047249e+01	-1.401888e+01	-6.726376e+00	 4.945731e+00	-1.217949e+01	-2.447417e+01	-9.768906e-03	-5.174502e-02	 1.598030e-02	 9.758360e-03	 3.404323e-02	 2.769627e-01	 4.039448e-03	 1.030373e-03	 4.665202e-03	-8.354104e-01	-1.458498e-02	-1.523675e-04	-1.146961e+00	-7.650437e-12	 2.691416e-03	
-2.346527e-04	 1.407133e-03	-7.039886e-05	 5.127178e-04	-3.943047e-03	-3.739608e-03	 3.270725e+00	 1.068485e+00	-7.561496e+00	 1.197674e+02	 9.033094e+01	 5.971558e+01	 2.837116e+01	-1.324973e+01	 1.696135e-01	-1.363529e+00	 1.480115e+00	 1.099440e+00	-4.878485e-03	-7.579755e-03	 7.202494e-03	 1.325289e-02	-2.803159e-04	 4.619877e-02	-3.829638e-05	 2.323424e-04	 1.256910e-03	-3.050419e-01	-9.454751e-03	-9.998260e-05	-7.331778e-01	 9.971245e-13	 4.522061e-03	
-6.526614e-05	 5.724880e-04	-5.214365e-05	 8.706679e-03	 1.908088e-03	 1.480027e-03	-1.246240e+01	 2.064242e+00	 2.351293e+00	-1.330496e+01	 5.971558e+01	 9.561220e+01	 5.433505e+01	-1.210694e+01	-4.058503e-01	-1.043311e+00	 2.078556e+00	 3.821342e+00	-4.907840e-04	-2.426252e-03	 2.375554e-03	 1.469326e-02	 1.047280e-02	-2.752397e-02	 2.510724e-04	-2.537227e-04	 8.194754e-04	 1.775662e-01	-3.732751e-03	-2.774402e-05	-2.784987e-01	 1.822952e-11	 6.204644e-03	
-2.010355e-05	 6.662154e-04	-1.397213e-04	 1.403547e-02	 3.861582e-03	 2.779540e-03	-5.228865e+01	 7.456848e-01	 7.780377e-01	-2.047249e+01	 2.837116e+01	 5.433505e+01	 1.024934e+02	-9.996180e+00	-2.636607e-01	-1.670718e+00	 1.872938e+00	 2.753995e+01	-2.844505e-03	-4.424180e-03	-4.023062e-03	 1.634240e-02	 2.764414e-02	-7.663095e-03	 3.449000e-04	-1.304345e-03	 1.467681e-03	 3.048461e-01	-4.228107e-03	-8.518208e-06	-3.001909e-01	 2.937506e-11	 9.015264e-03	
-4.014972e-05	 1.275142e-04	-2.470015e-07	-5.035468e-03	-3.153863e-03	-1.819724e-03	-1.924566e+00	 3.761439e-02	-1.719368e-01	-1.401888e+01	-1.324973e+01	-1.210694e+01	-9.996180e+00	 7.581607e+00	-1.562810e-01	-9.735276e-02	-2.679915e-01	 5.011879e-01	-7.083345e-04	 2.380355e-03	-2.406111e-03	 9.015044e-04	-8.844984e-04	 4.798493e-03	-3.433145e-05	-6.470398e-05	-1.720344e-04	-1.753520e-01	-9.758609e-04	-1.714439e-05	-8.093635e-02	-1.057733e-11	-2.434679e-03	
 1.054400e-05	-1.424956e-04	 1.322034e-05	-5.388596e-04	 7.446276e-04	 1.077685e-04	 7.543346e-02	-1.465309e-03	-2.609672e-01	-6.726376e+00	 1.696135e-01	-4.058503e-01	-2.636607e-01	-1.562810e-01	 3.391562e+00	 5.598826e-01	 2.229475e-01	 1.408119e-01	-7.247166e-04	 1.579977e-03	-1.997726e-03	 1.453508e-03	 9.570227e-04	-1.212099e-02	 1.785633e-04	-3.054082e-06	-9.115292e-05	 6.295716e-03	 9.012388e-04	 4.517463e-06	 6.407781e-02	-1.118675e-12	-4.856328e-04	
-2.632543e-07	-3.129344e-05	 1.346164e-05	-7.587260e-04	-1.991204e-04	 8.170078e-06	 6.770463e-01	 1.169295e-02	-2.462187e-03	 4.945731e+00	-1.363529e+00	-1.043311e+00	-1.670718e+00	-9.735276e-02	 5.598826e-01	 3.165545e+00	 2.567148e+00	 2.422297e+00	 2.916413e-04	 5.794012e-04	-4.023496e-03	 1.840679e-03	 2.324787e-03	-6.106936e-04	-1.914552e-04	-3.856941e-05	-1.040802e-04	-1.202484e-03	 2.138410e-04	-1.097213e-07	 1.530043e-02	-1.577322e-12	-4.575848e-04	
-8.195269e-06	-2.122544e-04	 1.104561e-05	-1.307890e-03	-5.148923e-04	-1.509243e-04	-5.250308e+00	 1.432648e-01	 2.097517e+00	-1.217949e+01	 1.480115e+00	 2.078556e+00	 1.872938e+00	-2.679915e-01	 2.229475e-01	 2.567148e+00	 9.975879e+00	 1.779533e+01	-5.233603e-04	 1.764996e-03	-7.092841e-03	 3.628653e-03	 1.700122e-03	-1.866861e-02	-4.260953e-05	 3.527948e-04	 9.720892e-05	-1.838168e-02	 1.143940e-03	-3.508440e-06	 7.148921e-02	-2.718770e-12	-1.349963e-03	
 4.178305e-07	-3.079731e-04	-1.751565e-05	 2.489701e-03	 1.635083e-04	 8.746864e-04	-3.221185e+01	 1.759859e-01	 2.567832e+00	-2.447417e+01	 1.099440e+00	 3.821342e+00	 2.753995e+01	 5.011879e-01	 1.408119e-01	 2.422297e+00	 1.779533e+01	 5.116400e+01	-3.605335e-03	 2.829158e-03	-1.287472e-02	 1.134169e-02	 9.173988e-03	-3.932458e-02	 5.529500e-05	 7.956454e-04	 8.764370e-04	 8.336050e-02	 1.619907e-03	 1.533400e-07	 1.041099e-01	 5.231794e-12	 7.112020e-06	
-4.313402e-08	 9.709824e-07	-1.773814e-07	 4.261308e-07	-2.335950e-06	-4.076651e-06	 3.539082e-03	-4.595657e-06	 1.138613e-03	-9.768906e-03	-4.878485e-03	-4.907840e-04	-2.844505e-03	-7.083345e-04	-7.247166e-04	 2.916413e-04	-5.233603e-04	-3.605335e-03	 1.463249e-03	 2.717183e-04	 2.056361e-05	-3.751686e-04	-6.517282e-05	 2.348655e-05	 3.590368e-07	-3.494183e-07	 2.475833e-06	-4.027787e-04	-6.063602e-06	-1.815076e-08	-4.449946e-04	 9.903804e-16	 2.763317e-06	
 2.175369e-08	-2.937699e-07	-4.077097e-07	-3.687760e-06	-7.273553e-07	 2.708912e-07	-1.822562e-03	 4.659621e-05	 1.548102e-03	-5.174502e-02	-7.579755e-03	-2.426252e-03	-4.424180e-03	 2.380355e-03	 1.579977e-03	 5.794012e-04	 1.764996e-03	 2.829158e-03	 2.717183e-04	 8.547121e-04	 2.614947e-05	 7.421057e-04	 6.537192e-05	-6.458660e-04	-2.318395e-07	-3.174250e-07	-1.291911e-06	 2.447203e-05	 4.279004e-07	 9.379190e-09	-9.522285e-06	-7.734831e-15	-3.211421e-06	
-3.614730e-07	 4.992669e-06	-2.633806e-07	 8.209706e-06	-1.001897e-05	-3.579384e-06	 9.403118e-03	-3.446033e-04	-2.057892e-05	 1.598030e-02	 7.202494e-03	 2.375554e-03	-4.023062e-03	-2.406111e-03	-1.997726e-03	-4.023496e-03	-7.092841e-03	-1.287472e-02	 2.056361e-05	 2.614947e-05	 7.191468e-03	-3.145117e-04	 6.499143e-04	 4.605471e-03	 1.010456e-06	-1.311211e-06	 2.673951e-06	-2.150463e-04	-3.065997e-05	-1.545614e-07	-2.183457e-03	 1.695178e-14	 1.796318e-05	
-2.978292e-07	 2.258811e-06	-9.864196e-07	-1.291524e-05	-1.029888e-05	-7.676568e-06	-1.053341e-02	 3.698039e-04	-1.564813e-03	 9.758360e-03	 1.325289e-02	 1.469326e-02	 1.634240e-02	 9.015044e-04	 1.453508e-03	 1.840679e-03	 3.628653e-03	 1.134169e-02	-3.751686e-04	 7.421057e-04	-3.145117e-04	 2.956036e-03	 4.498788e-04	-9.259375e-04	-1.235818e-08	 4.174959e-09	-1.273545e-06	-6.669408e-04	-1.772463e-05	-1.271878e-07	-1.384807e-03	-2.698195e-14	-7.767151e-07	
-5.473436e-07	 5.524550e-06	-2.813361e-07	-5.801799e-05	-1.165287e-05	-2.977255e-05	-1.820052e-02	 1.230828e-04	 5.024110e-04	 3.404323e-02	-2.803159e-04	 1.047280e-02	 2.764414e-02	-8.844984e-04	 9.570227e-04	 2.324787e-03	 1.700122e-03	 9.173988e-03	-6.517282e-05	 6.537192e-05	 6.499143e-04	 4.498788e-04	 6.390518e-03	 8.097806e-03	 4.768746e-07	-1.240453e-06	-5.162061e-06	-2.810457e-03	-3.487337e-05	-2.338037e-07	-2.538302e-03	-1.224437e-13	-7.013446e-06	
-3.355067e-06	 2.245536e-05	-1.047382e-08	-1.037098e-04	-5.367477e-05	-8.022853e-05	 1.813868e-02	-6.987605e-04	-2.026871e-02	 2.769627e-01	 4.619877e-02	-2.752397e-02	-7.663095e-03	 4.798493e-03	-1.212099e-02	-6.106936e-04	-1.866861e-02	-3.932458e-02	 2.348655e-05	-6.458660e-04	 4.605471e-03	-9.259375e-04	 8.097806e-03	 7.118820e-02	 1.155551e-06	-5.799324e-06	 1.609434e-06	-6.930514e-03	-1.452309e-04	-1.433146e-06	-1.096496e-02	-2.206645e-13	 2.859001e-05	
 4.142383e-09	-3.594679e-08	 3.474482e-10	 3.689249e-08	-2.533829e-08	-3.512992e-08	-1.885382e-04	 2.845995e-06	 9.803526e-05	 4.039448e-03	-3.829638e-05	 2.510724e-04	 3.449000e-04	-3.433145e-05	 1.785633e-04	-1.914552e-04	-4.260953e-05	 5.529500e-05	 3.590368e-07	-2.318395e-07	 1.010456e-06	-1.235818e-08	 4.768746e-07	 1.155551e-06	 3.838882e-07	 2.795329e-09	 3.599269e-08	-5.215369e-06	 2.255860e-07	 1.769364e-09	 1.655941e-05	 8.031268e-17	-1.272333e-07	
-9.382384e-10	 2.737895e-09	 5.298354e-09	-2.052269e-07	-8.507259e-08	-7.963218e-08	 8.123201e-04	-4.224528e-06	-4.589413e-05	 1.030373e-03	 2.323424e-04	-2.537227e-04	-1.304345e-03	-6.470398e-05	-3.054082e-06	-3.856941e-05	 3.527948e-04	 7.956454e-04	-3.494183e-07	-3.174250e-07	-1.311211e-06	 4.174959e-09	-1.240453e-06	-5.799324e-06	 2.795329e-09	 3.903285e-07	-3.690850e-08	-8.271277e-06	-4.436947e-09	-3.976021e-10	-4.009944e-08	-4.283322e-16	-9.103806e-08	
 7.151866e-09	-1.415911e-07	-1.578294e-08	 1.152708e-05	 1.437472e-07	-1.939583e-07	 6.293495e-04	 1.340768e-06	 3.596255e-05	 4.665202e-03	 1.256910e-03	 8.194754e-04	 1.467681e-03	-1.720344e-04	-9.115292e-05	-1.040802e-04	 9.720892e-05	 8.764370e-04	 2.475833e-06	-1.291911e-06	 2.673951e-06	-1.273545e-06	-5.162061e-06	 1.609434e-06	 3.599269e-08	-3.690850e-08	 6.085643e-06	-2.444951e-05	 7.750966e-07	 3.058287e-09	 5.138503e-05	 2.419489e-14	 4.201886e-06	
 2.389115e-05	-2.401492e-04	 2.016161e-05	 1.134726e-02	 8.105688e-04	 5.982986e-03	-2.546142e-01	 5.501091e-03	 6.349417e-02	-8.354104e-01	-3.050419e-01	 1.775662e-01	 3.048461e-01	-1.753520e-01	 6.295716e-03	-1.202484e-03	-1.838168e-02	 8.336050e-02	-4.027787e-04	 2.447203e-05	-2.150463e-04	-6.669408e-04	-2.810457e-03	-6.930514e-03	-5.215369e-06	-8.271277e-06	-2.444951e-05	 6.055420e-01	 1.539682e-03	 1.019254e-05	 1.131794e-01	 2.382253e-11	 3.972088e-03	
 8.554100e-07	-1.199115e-05	 1.034580e-06	 1.074197e-05	 2.886237e-05	 1.876252e-05	-3.682474e-04	 8.113017e-06	 1.464926e-03	-1.458498e-02	-9.454751e-03	-3.732751e-03	-4.228107e-03	-9.758609e-04	 9.012388e-04	 2.138410e-04	 1.143940e-03	 1.619907e-03	-6.063602e-06	 4.279004e-07	-3.065997e-05	-1.772463e-05	-3.487337e-05	-1.452309e-04	 2.255860e-07	-4.436947e-09	 7.750966e-07	 1.539682e-03	 7.489226e-05	 3.648716e-07	 5.350588e-03	 2.278254e-14	-2.886662e-05	
 9.918728e-09	-5.184824e-08	 5.100700e-09	 1.764379e-07	 1.322850e-07	 1.288948e-07	-2.644194e-05	 7.245192e-07	 9.429535e-06	-1.523675e-04	-9.998260e-05	-2.774402e-05	-8.518208e-06	-1.714439e-05	 4.517463e-06	-1.097213e-07	-3.508440e-06	 1.533400e-07	-1.815076e-08	 9.379190e-09	-1.545614e-07	-1.271878e-07	-2.338037e-07	-1.433146e-06	 1.769364e-09	-3.976021e-10	 3.058287e-09	 1.019254e-05	 3.648716e-07	 4.230798e-09	 2.900202e-05	 3.716919e-16	-9.399504e-08	
 6.799721e-05	-8.438669e-04	 8.339937e-05	 9.264833e-04	 2.051339e-03	 1.384840e-03	-4.713918e-02	 1.306422e-03	 1.066176e-01	-1.146961e+00	-7.331778e-01	-2.784987e-01	-3.001909e-01	-8.093635e-02	 6.407781e-02	 1.530043e-02	 7.148921e-02	 1.041099e-01	-4.449946e-04	-9.522285e-06	-2.183457e-03	-1.384807e-03	-2.538302e-03	-1.096496e-02	 1.655941e-05	-4.009944e-08	 5.138503e-05	 1.131794e-01	 5.350588e-03	 2.900202e-05	 3.872574e-01	 1.962279e-12	-1.978906e-03	
 8.712346e-16	-2.901191e-15	 4.280118e-16	 5.194741e-13	 1.354469e-14	 2.346096e-13	-1.118823e-11	 3.617854e-13	 1.037058e-12	-7.650437e-12	 9.971245e-13	 1.822952e-11	 2.937506e-11	-1.057733e-11	-1.118675e-12	-1.577322e-12	-2.718770e-12	 5.231794e-12	 9.903804e-16	-7.734831e-15	 1.695178e-14	-2.698195e-14	-1.224437e-13	-2.206645e-13	 8.031268e-17	-4.283322e-16	 2.419489e-14	 2.382253e-11	 2.278254e-14	 3.716919e-16	 1.962279e-12	 1.090930e-21	 2.018224e-13	
-2.204451e-07	 4.876237e-06	-1.766737e-07	 9.615558e-05	-7.366197e-06	 3.747036e-05	-2.577294e-03	 8.707853e-05	-5.422745e-04	 2.691416e-03	 4.522061e-03	 6.204644e-03	 9.015264e-03	-2.434679e-03	-4.856328e-04	-4.575848e-04	-1.349963e-03	 7.112020e-06	 2.763317e-06	-3.211421e-06	 1.796318e-05	-7.767151e-07	-7.013446e-06	 2.859001e-05	-1.272333e-07	-9.103806e-08	 4.201886e-06	 3.972088e-03	-2.886662e-05	-9.399504e-08	-1.978906e-03	 2.018224e-13	 5.351906e-05	
