#          omega_b,        omega_cdm,      100*theta_s,     ln10^{10}A_s,              n_s,         tau_reio,        log10_a_c,   Omega_many_fld, Theta_initial_fld,        A_cib_217,        xi_sz_cib,             A_sz,     ps_A_100_100,     ps_A_143_143,     ps_A_143_217,     ps_A_217_217,         ksz_norm,     gal545_A_100,     gal545_A_143, gal545_A_143_217,     gal545_A_217,    galf_EE_A_100, galf_EE_A_100_143, galf_EE_A_100_217,    galf_EE_A_143, galf_EE_A_143_217,    galf_EE_A_217,    galf_TE_A_100, galf_TE_A_100_143, galf_TE_A_100_217,    galf_TE_A_143, galf_TE_A_143_217,    galf_TE_A_217,       calib_100T,       calib_217T,         A_planck,                M,               H0,           sigma8,          Omega_m,     Omega_Lambda,   Omega_axion_ac,      omega_axion,          m_axion,      alpha_axion,           rs_rec,           rd_rec,           da_rec,      100*theta_d
 4.386751e-08	-1.574339e-07	 4.208779e-08	 8.512627e-07	 2.009445e-07	 8.527913e-07	-7.819085e-05	-2.405789e-10	-9.655029e-06	 9.407492e-05	-2.504645e-06	-1.022990e-05	 1.466496e-04	 8.917942e-05	-5.188275e-05	-1.039811e-04	 2.496628e-05	 4.583103e-06	 1.508961e-06	 2.207633e-05	 1.161071e-05	 3.299499e-08	 3.365975e-08	 3.216064e-08	 4.107944e-08	-1.812570e-08	-1.108280e-07	-6.654107e-08	-5.212830e-08	-2.337966e-07	-3.506097e-07	-1.084438e-06	-4.964617e-06	 1.624951e-09	 8.865712e-09	 2.978547e-08	 2.352568e-06	 9.060271e-05	 1.726273e-07	-9.899080e-07	 9.903674e-07	 9.260930e+12	 4.458391e-05	 3.173932e+05	-4.463968e-04	 1.461225e-05	 1.219807e-05	 1.525665e-06	 6.540643e-08	
-1.574339e-07	 1.037847e-05	-6.553040e-07	 3.570055e-06	 7.584660e-06	-4.236560e-06	 5.611012e-04	 9.769701e-09	-7.087678e-04	-4.144371e-04	 1.259721e-05	 6.830362e-05	 2.373881e-03	-1.767568e-04	 6.922596e-04	 8.283779e-04	 3.180057e-05	-5.878446e-05	-1.449931e-05	-2.346969e-04	-7.781489e-05	 4.817669e-07	 4.128085e-07	-1.872516e-07	 4.457523e-07	-5.440853e-07	-5.915010e-07	 9.638142e-07	 1.539852e-06	-2.758255e-07	 7.622735e-06	 1.052994e-05	 4.385517e-05	 7.304567e-08	-2.620995e-08	 6.877805e-08	 5.318574e-05	 1.629592e-03	 1.222137e-05	 6.888825e-06	-6.894708e-06	-1.982494e+12	-3.649072e-04	-2.232513e+06	 7.607719e-03	-4.713889e-03	-1.568725e-03	-4.210035e-04	 1.086418e-06	
 4.208779e-08	-6.553040e-07	 2.504896e-07	-8.474581e-07	-5.809007e-07	 2.171322e-07	-1.822473e-04	-1.016143e-09	 1.946327e-04	 3.598229e-04	-1.139104e-05	-2.209902e-05	 5.691934e-04	 4.863250e-04	-3.932425e-05	-2.271017e-04	 1.113331e-04	 8.976808e-06	 1.385247e-05	 8.421002e-05	 1.152033e-05	-1.144967e-07	-1.284862e-07	-9.782528e-08	-1.458817e-07	-1.397089e-07	-3.025812e-07	 3.047222e-08	-1.618658e-07	-7.441550e-08	-7.778986e-07	-1.213153e-06	-6.006892e-06	-7.295834e-09	 2.346632e-08	 5.091577e-08	-8.493171e-07	-1.144001e-05	-2.028082e-07	-1.127459e-06	 1.128450e-06	 1.667340e+13	 1.067302e-04	 5.054638e+05	-8.997571e-04	 2.783415e-04	 1.094337e-04	 2.292032e-05	 1.377827e-07	
 8.512627e-07	 3.570055e-06	-8.474581e-07	 5.690480e-04	 7.530419e-05	 2.851378e-04	 2.775685e-03	 2.274190e-08	-2.243902e-03	-1.326024e-02	 3.776717e-04	 7.737227e-04	-2.638028e-02	-1.729723e-02	-3.601654e-04	 9.707680e-03	-5.838864e-03	-4.339657e-04	-6.258562e-04	-3.791884e-03	-7.593647e-04	 8.372828e-06	 1.004266e-05	 1.410725e-06	 1.080958e-05	 1.309341e-06	 3.931037e-05	-6.404633e-06	-1.181499e-06	 5.100396e-06	-1.252108e-05	-2.759677e-05	-6.092263e-05	 1.541924e-07	-1.323009e-06	 4.325105e-06	 3.068680e-04	 1.121320e-02	 2.061399e-04	-8.549663e-05	 8.550083e-05	-2.643037e+14	-1.725347e-03	-1.924714e+06	 1.729734e-02	-6.355211e-03	-2.150044e-03	-5.517337e-04	 1.214423e-06	
 2.009445e-07	 7.584660e-06	-5.809007e-07	 7.530419e-05	 4.250400e-05	 3.247465e-05	 1.465596e-03	 1.178200e-08	-3.629832e-04	-6.036826e-03	 1.964424e-04	 9.889957e-05	-1.386847e-02	-7.220418e-03	 8.092923e-04	 4.493695e-03	-2.884688e-03	 2.644899e-04	-1.360978e-04	-1.688978e-03	-4.740884e-04	 4.082828e-06	 4.601541e-06	-4.502976e-09	 5.090431e-06	-1.178218e-06	 1.751398e-06	-9.501399e-07	 1.089247e-06	 4.859862e-07	 6.119576e-06	 1.826512e-06	 7.176022e-06	 5.569435e-09	-4.931239e-07	 5.399948e-07	 1.275564e-04	 4.450394e-03	 3.282994e-05	-2.175803e-05	 2.175692e-05	-1.762608e+14	-1.076298e-03	-5.895703e+06	 8.891398e-03	-4.887793e-03	-1.584584e-03	-4.317726e-04	 1.470127e-06	
 8.527913e-07	-4.236560e-06	 2.171322e-07	 2.851378e-04	 3.247465e-05	 1.616151e-04	-2.606305e-04	 4.369988e-09	-1.270685e-03	-3.551501e-03	 6.680040e-05	 2.541336e-04	-1.109874e-02	-5.359273e-03	-1.696677e-03	 3.845790e-04	-1.478511e-03	-7.713251e-05	 1.711199e-05	-9.094614e-04	-8.513058e-04	 3.594251e-06	 4.704604e-06	 1.045197e-06	 4.677115e-06	-5.626539e-07	 1.616602e-05	-3.721666e-06	-1.288463e-06	 1.172651e-06	-1.300376e-05	-2.718135e-05	-1.007543e-04	-7.870078e-08	-3.864349e-07	-3.568908e-06	 1.587510e-04	 5.987096e-03	 9.729954e-05	-5.721048e-05	 5.722051e-05	 5.444834e+13	 2.616536e-04	 5.511473e+06	 9.529326e-04	-1.060088e-03	-2.295959e-04	-8.454635e-05	 1.283059e-06	
-7.819085e-05	 5.611012e-04	-1.822473e-04	 2.775685e-03	 1.465596e-03	-2.606305e-04	 4.819610e-01	 1.263694e-06	-7.936228e-02	-6.470545e-01	 1.872714e-02	 5.744723e-02	-1.213216e+00	-1.089375e+00	-1.670548e-01	 2.438195e-01	-2.092815e-01	-2.239189e-02	-2.505581e-02	-1.398437e-01	-2.102136e-02	 1.552539e-04	 1.910592e-04	-7.417753e-05	 1.801869e-04	 1.530038e-04	 5.346872e-04	 1.488289e-05	 1.369206e-04	 6.161485e-04	 8.238985e-04	 1.687793e-03	 8.873700e-03	 1.704539e-05	-4.961883e-05	-1.996343e-05	-4.048301e-04	-3.133783e-02	 6.134227e-04	 1.232675e-03	-1.234016e-03	-6.271307e+16	-3.551896e-01	-2.174075e+09	 9.233622e-01	-2.055697e-01	-1.008373e-01	-1.779730e-02	-2.479652e-04	
-2.405789e-10	 9.769701e-09	-1.016143e-09	 2.274190e-08	 1.178200e-08	 4.369988e-09	 1.263694e-06	 1.241437e-11	-9.579496e-07	-2.508840e-06	 7.089766e-08	 2.199327e-07	-2.161188e-06	-3.056195e-06	 6.351375e-07	 2.160992e-06	-7.439185e-07	-9.743663e-08	-9.310513e-08	-6.593819e-07	-8.467670e-08	 1.200949e-09	 1.268141e-09	 7.100166e-12	 1.356578e-09	 4.904804e-10	 2.603050e-09	 2.317007e-10	 1.182234e-09	 9.806669e-10	 6.882898e-09	 1.103686e-08	 4.989056e-08	 9.069708e-11	-1.920640e-10	 2.403917e-11	 6.518897e-08	 2.095077e-06	 1.432309e-08	 1.545571e-09	-1.552974e-09	-7.738129e+10	-7.392216e-07	-3.748938e+03	 1.193685e-05	-4.693793e-06	-1.635682e-06	-4.165588e-07	 4.044523e-10	
-9.655029e-06	-7.087678e-04	 1.946327e-04	-2.243902e-03	-3.629832e-04	-1.270685e-03	-7.936228e-02	-9.579496e-07	 7.569063e-01	 7.988128e-02	-4.483930e-03	-1.400729e-03	-8.291802e-03	 1.120337e-01	-4.086598e-02	-6.499369e-02	 2.637502e-02	 1.318191e-02	 1.138768e-02	 3.641079e-02	-7.871657e-03	-1.664066e-04	-1.526407e-04	-6.810096e-05	-1.756141e-04	 4.229264e-04	-1.559076e-04	-7.699544e-05	-2.552973e-04	-3.408926e-05	-3.276027e-04	-9.692900e-05	 6.060875e-05	-8.940328e-06	 3.840424e-06	-6.013257e-05	-5.070814e-03	-1.628461e-01	-6.441285e-04	-6.618840e-05	 6.675629e-05	 8.187278e+15	 1.707638e-01	-5.539612e+08	-2.905160e+00	 3.710533e-01	 1.321576e-01	 3.114733e-02	 3.121784e-05	
 9.407492e-05	-4.144371e-04	 3.598229e-04	-1.326024e-02	-6.036826e-03	-3.551501e-03	-6.470545e-01	-2.508840e-06	 7.988128e-02	 4.640625e+01	-6.412104e-01	-1.948812e+00	 5.168314e+01	 3.656968e+00	-2.339985e+01	-6.151852e+01	-8.973130e-01	 1.399637e-02	 1.110364e-01	-1.948355e+00	-1.872340e+01	-4.754374e-04	-7.845597e-04	-1.227388e-03	-8.156770e-04	 2.182886e-04	-4.622413e-03	-6.767162e-04	 1.909453e-03	 1.048138e-03	 3.205564e-04	-6.390472e-03	-1.855212e-02	-3.469728e-04	 4.558090e-03	 8.660766e-04	-3.754393e-04	-1.089262e-02	-4.183630e-03	-5.389492e-04	 5.414327e-04	 7.121515e+16	 3.058977e-01	 1.576682e+09	-5.310991e+00	 1.864333e-01	 1.516850e-01	 1.457734e-02	 7.411596e-04	
-2.504645e-06	 1.259721e-05	-1.139104e-05	 3.776717e-04	 1.964424e-04	 6.680040e-05	 1.872714e-02	 7.089766e-08	-4.483930e-03	-6.412104e-01	 7.969725e-02	-7.235194e-02	-6.337191e-01	 1.166514e+00	 2.270891e+00	 1.011620e+00	 3.090231e-02	-5.956330e-03	 5.972274e-03	 1.125787e-01	 1.361740e-01	 1.256921e-05	 2.315327e-05	 4.382406e-05	 2.572453e-05	-6.133143e-05	-7.411258e-05	 6.529849e-05	-3.939015e-05	 4.872612e-05	-5.775911e-05	 1.715378e-04	 1.268722e-03	 1.100812e-05	-2.356676e-05	-2.879673e-06	-1.344882e-05	-4.992025e-04	 1.305373e-04	 2.395513e-05	-2.402730e-05	-1.548703e+15	-8.071257e-03	-4.780433e+07	 1.615546e-01	-5.487635e-03	-4.444125e-03	-4.153894e-04	-2.194866e-05	
-1.022990e-05	 6.830362e-05	-2.209902e-05	 7.737227e-04	 9.889957e-05	 2.541336e-04	 5.744723e-02	 2.199327e-07	-1.400729e-03	-1.948812e+00	-7.235194e-02	 3.712554e+00	-3.304855e+01	-9.405095e+00	 1.942042e+00	 2.596011e+00	 1.479280e-02	-1.877049e-01	-3.170925e-03	 2.014256e+00	 1.933851e+00	-5.102263e-05	 6.025018e-05	-9.859253e-05	-9.450533e-06	 7.341446e-04	 2.527759e-03	-6.539214e-04	-2.563711e-04	 7.220489e-04	-2.189036e-04	 9.738919e-04	 2.599131e-04	 1.787870e-04	-4.111716e-04	 7.728908e-05	 3.822606e-04	 1.147916e-02	 1.089415e-04	 1.894383e-05	-1.913673e-05	-1.033316e+16	-4.025406e-02	-1.548445e+08	 4.545323e-01	-3.100291e-02	-1.603439e-02	-2.731332e-03	-4.160484e-05	
 1.466496e-04	 2.373881e-03	 5.691934e-04	-2.638028e-02	-1.386847e-02	-1.109874e-02	-1.213216e+00	-2.161188e-06	-8.291802e-03	 5.168314e+01	-6.337191e-01	-3.304855e+01	 8.481376e+02	 1.302550e+02	-1.672362e+01	-3.743774e+01	-1.322442e+01	-2.874360e+00	 3.739316e+00	-1.144560e+01	-1.831490e+01	-1.129256e-03	-2.437433e-03	-1.906271e-03	-1.799979e-03	-7.663028e-03	-1.275832e-02	 5.707979e-03	 3.036359e-03	-1.266157e-02	 6.629158e-03	-3.019793e-04	-1.589886e-03	 5.831334e-03	 5.081193e-03	 2.274334e-03	 1.642412e-02	 5.270790e-01	-5.779255e-03	 6.813255e-04	-6.778983e-04	 2.033542e+17	 5.731923e-01	 2.939388e+09	-1.349637e+01	-1.097128e+00	-1.722626e-01	-1.025756e-01	 1.941058e-03	
 8.917942e-05	-1.767568e-04	 4.863250e-04	-1.729723e-02	-7.220418e-03	-5.359273e-03	-1.089375e+00	-3.056195e-06	 1.120337e-01	 3.656968e+00	 1.166514e+00	-9.405095e+00	 1.302550e+02	 9.524283e+01	 6.357681e+01	 2.858489e+01	-1.120907e+01	 1.144044e-01	-8.255734e-01	 2.206834e+00	 1.827001e+00	-1.340969e-03	-1.368902e-03	-1.246202e-03	-1.122031e-03	-5.434036e-03	-8.989604e-03	 4.284850e-03	 1.284936e-03	-4.633183e-03	-1.658140e-03	 8.630483e-04	 1.772445e-02	-1.195385e-04	 9.347715e-04	 2.720708e-04	-4.010937e-03	-1.335352e-01	-3.106518e-03	 9.655246e-04	-9.627886e-04	 1.395170e+17	 6.535115e-01	 3.464484e+09	-7.258817e-01	 1.641001e-01	 1.657392e-01	 1.109377e-02	 9.525817e-04	
-5.188275e-05	 6.922596e-04	-3.932425e-05	-3.601654e-04	 8.092923e-04	-1.696677e-03	-1.670548e-01	 6.351375e-07	-4.086598e-02	-2.339985e+01	 2.270891e+00	 1.942042e+00	-1.672362e+01	 6.357681e+01	 1.094347e+02	 6.956079e+01	-1.009581e+01	-4.045328e-01	-3.288557e-01	 2.418592e+00	 3.490424e+00	-6.109655e-04	-1.798625e-04	-5.400375e-04	-5.977906e-05	-3.500025e-03	-3.182347e-05	 2.662494e-03	-1.370898e-03	 1.043974e-03	-1.926196e-03	 7.413066e-03	 4.045059e-02	 6.110588e-04	-2.179604e-03	 2.087683e-04	-2.189555e-03	-8.518497e-02	 2.234860e-03	 1.990838e-03	-1.991679e-03	 3.769171e+16	 2.056811e-01	 9.195435e+08	 6.052530e+00	-2.210094e-01	-8.370744e-02	-2.038598e-02	-2.672909e-05	
-1.039811e-04	 8.283779e-04	-2.271017e-04	 9.707680e-03	 4.493695e-03	 3.845790e-04	 2.438195e-01	 2.160992e-06	-6.499369e-02	-6.151852e+01	 1.011620e+00	 2.596011e+00	-3.743774e+01	 2.858489e+01	 6.956079e+01	 1.211078e+02	-9.499920e+00	-1.502199e-01	-3.478268e-01	-2.816794e+00	 1.292187e+01	 1.639559e-04	 5.092867e-04	-2.215659e-04	 8.025478e-04	-2.096875e-03	 6.522519e-03	 2.180395e-03	-2.872644e-03	-1.755330e-03	-1.457158e-03	 1.294541e-02	 3.304604e-02	 5.869726e-04	-7.397940e-03	 7.635059e-04	-7.440720e-04	-3.474858e-02	 5.188756e-03	 1.725986e-03	-1.728231e-03	-1.383712e+16	-3.893632e-02	 2.619049e+07	 9.483430e+00	-3.038385e-01	-1.658510e-01	-2.678092e-02	-4.747766e-04	
 2.496628e-05	 3.180057e-05	 1.113331e-04	-5.838864e-03	-2.884688e-03	-1.478511e-03	-2.092815e-01	-7.439185e-07	 2.637502e-02	-8.973130e-01	 3.090231e-02	 1.479280e-02	-1.322442e+01	-1.120907e+01	-1.009581e+01	-9.499920e+00	 7.212648e+00	-4.504803e-02	-7.857318e-02	-2.162008e-01	-9.330732e-02	-2.289544e-04	-4.080598e-04	 8.872352e-04	-4.086225e-04	 3.087085e-04	-2.529927e-03	-2.674246e-04	-4.177247e-05	 4.022300e-04	 3.852196e-04	-1.913984e-03	-8.538933e-03	-1.661799e-06	-9.932528e-05	 2.034754e-04	 1.002013e-03	 3.122614e-02	-2.144171e-03	-1.324031e-04	 1.332200e-04	 2.094441e+16	 9.034532e-02	 7.330649e+08	-3.043932e+00	-1.630074e-02	 2.998429e-02	-2.192908e-03	 3.065156e-04	
 4.583103e-06	-5.878446e-05	 8.976808e-06	-4.339657e-04	 2.644899e-04	-7.713251e-05	-2.239189e-02	-9.743663e-08	 1.318191e-02	 1.399637e-02	-5.956330e-03	-1.877049e-01	-2.874360e+00	 1.144044e-01	-4.045328e-01	-1.502199e-01	-4.504803e-02	 3.475820e+00	 4.453176e-01	 2.032864e-01	 3.600319e-01	 7.851888e-05	 4.939198e-05	 3.965185e-05	 3.319190e-05	-2.102217e-04	-4.027245e-05	-5.187442e-04	-5.856825e-05	-3.686569e-04	-9.721962e-04	-7.147021e-04	-1.614608e-04	 2.948050e-04	 1.996817e-05	 1.801208e-05	-1.516604e-04	-4.626158e-03	-6.962672e-05	-6.736981e-05	 6.745625e-05	 4.302246e+15	 2.404274e-02	 9.106532e+07	-1.651891e-01	 2.405359e-02	 9.895988e-03	 2.149236e-03	 1.029725e-05	
 1.508961e-06	-1.449931e-05	 1.385247e-05	-6.258562e-04	-1.360978e-04	 1.711199e-05	-2.505581e-02	-9.310513e-08	 1.138768e-02	 1.110364e-01	 5.972274e-03	-3.170925e-03	 3.739316e+00	-8.255734e-01	-3.288557e-01	-3.478268e-01	-7.857318e-02	 4.453176e-01	 3.363316e+00	 2.546944e+00	 1.704328e+00	 6.711151e-05	-6.809900e-06	-1.697911e-05	-9.578998e-06	-3.027157e-04	 2.434363e-04	 5.475239e-04	 2.347160e-04	 6.225966e-04	-2.499019e-04	 2.075228e-05	 1.397625e-04	-2.871046e-04	-2.182890e-04	-1.185967e-06	 7.878444e-05	 4.042480e-03	-1.996147e-04	-5.739977e-05	 5.750123e-05	 1.643657e+15	 1.439678e-02	 2.922050e+07	-7.996788e-01	 5.614704e-03	 6.008722e-03	 3.945119e-04	 3.400039e-05	
 2.207633e-05	-2.346969e-04	 8.421002e-05	-3.791884e-03	-1.688978e-03	-9.094614e-04	-1.398437e-01	-6.593819e-07	 3.641079e-02	-1.948355e+00	 1.125787e-01	 2.014256e+00	-1.144560e+01	 2.206834e+00	 2.418592e+00	-2.816794e+00	-2.162008e-01	 2.032864e-01	 2.546944e+00	 1.695582e+01	 2.550606e+01	-3.251879e-04	-2.600450e-04	-8.434408e-05	-3.474496e-04	-6.169341e-04	-6.237153e-04	 1.036169e-04	 4.666284e-04	-3.301296e-03	-7.999019e-04	-3.109613e-04	 1.643666e-03	-1.505111e-05	 2.536272e-03	 2.560762e-05	-1.461854e-03	-4.348309e-02	-1.513780e-03	-5.347925e-05	 5.403342e-05	 9.460164e+15	 7.420717e-02	 3.139933e+08	-8.620321e-01	 1.122694e-01	 5.373334e-02	 9.588531e-03	 1.198368e-04	
 1.161071e-05	-7.781489e-05	 1.152033e-05	-7.593647e-04	-4.740884e-04	-8.513058e-04	-2.102136e-02	-8.467670e-08	-7.871657e-03	-1.872340e+01	 1.361740e-01	 1.933851e+00	-1.831490e+01	 1.827001e+00	 3.490424e+00	 1.292187e+01	-9.330732e-02	 3.600319e-01	 1.704328e+00	 2.550606e+01	 5.435257e+01	-1.837760e-04	-8.841948e-05	 4.437121e-04	-8.988001e-05	-7.448976e-04	-8.045145e-05	 4.158698e-06	-1.316732e-05	-5.861283e-03	 1.063960e-03	-1.039663e-03	 1.841190e-03	 8.489683e-05	 4.531741e-03	 5.965665e-04	-1.022322e-03	-2.855963e-02	-4.138482e-04	 1.136520e-04	-1.136363e-04	-1.275609e+15	 2.342933e-02	 3.539173e+07	 1.456553e+00	 3.802943e-02	 8.965538e-03	 3.443549e-03	-3.391022e-05	
 3.299499e-08	 4.817669e-07	-1.144967e-07	 8.372828e-06	 4.082828e-06	 3.594251e-06	 1.552539e-04	 1.200949e-09	-1.664066e-04	-4.754374e-04	 1.256921e-05	-5.102263e-05	-1.129256e-03	-1.340969e-03	-6.109655e-04	 1.639559e-04	-2.289544e-04	 7.851888e-05	 6.711151e-05	-3.251879e-04	-1.837760e-04	 3.219745e-05	 8.703811e-06	 1.153154e-06	 2.937306e-06	 7.836817e-07	 1.978635e-06	-1.379166e-06	-3.211573e-07	-1.793437e-06	 5.812527e-07	 7.849527e-07	-7.795370e-07	-3.723174e-08	-9.131039e-08	 7.040226e-07	 1.224191e-05	 4.363496e-04	 2.804667e-06	-2.645293e-06	 2.645137e-06	-2.500504e+13	-1.478234e-04	-6.129649e+05	 2.297845e-03	-3.890610e-04	-1.356288e-04	-3.335720e-05	 2.257150e-08	
 3.365975e-08	 4.128085e-07	-1.284862e-07	 1.004266e-05	 4.601541e-06	 4.704604e-06	 1.910592e-04	 1.268141e-09	-1.526407e-04	-7.845597e-04	 2.315327e-05	 6.025018e-05	-2.437433e-03	-1.368902e-03	-1.798625e-04	 5.092867e-04	-4.080598e-04	 4.939198e-05	-6.809900e-06	-2.600450e-04	-8.841948e-05	 8.703811e-06	 2.501670e-05	-7.358882e-07	 1.234478e-05	 1.087444e-06	 1.664652e-06	-1.637137e-06	-1.172218e-06	-4.941579e-07	 1.542772e-07	 1.402482e-06	 3.423857e-06	-2.576070e-08	-1.167711e-07	 3.782201e-07	 1.274927e-05	 4.529823e-04	 3.266790e-06	-2.924278e-06	 2.924096e-06	-2.433409e+13	-1.246768e-04	-9.855465e+05	 2.846799e-03	-3.724489e-04	-1.333973e-04	-3.169557e-05	-1.176307e-08	
 3.216064e-08	-1.872516e-07	-9.782528e-08	 1.410725e-06	-4.502976e-09	 1.045197e-06	-7.417753e-05	 7.100166e-12	-6.810096e-05	-1.227388e-03	 4.382406e-05	-9.859253e-05	-1.906271e-03	-1.246202e-03	-5.400375e-04	-2.215659e-04	 8.872352e-04	 3.965185e-05	-1.697911e-05	-8.434408e-05	 4.437121e-04	 1.153154e-06	-7.358882e-07	 1.053097e-03	 9.772119e-08	 1.904289e-06	 4.032091e-05	-7.316490e-06	-1.006575e-06	-7.094477e-06	 4.830556e-06	 4.729713e-06	-4.488110e-06	 7.790828e-08	-2.019442e-07	 2.417579e-07	 2.257143e-06	 7.368499e-05	-2.918432e-07	-9.404857e-07	 9.406701e-07	 1.845652e+13	-8.898057e-05	 7.304054e+05	-4.265657e-03	 1.624107e-05	 4.973049e-06	 3.134422e-06	-4.475014e-08	
 4.107944e-08	 4.457523e-07	-1.458817e-07	 1.080958e-05	 5.090431e-06	 4.677115e-06	 1.801869e-04	 1.356578e-09	-1.756141e-04	-8.156770e-04	 2.572453e-05	-9.450533e-06	-1.799979e-03	-1.122031e-03	-5.977906e-05	 8.025478e-04	-4.086225e-04	 3.319190e-05	-9.578998e-06	-3.474496e-04	-8.988001e-05	 2.937306e-06	 1.234478e-05	 9.772119e-08	 4.746712e-05	 3.361517e-07	 6.183344e-07	 7.432655e-07	-2.266851e-06	 2.850670e-07	-3.726865e-06	-9.674256e-07	 3.173637e-06	-4.629855e-08	-1.040163e-07	 9.472044e-07	 1.438793e-05	 5.143567e-04	 3.506614e-06	-3.362142e-06	 3.362018e-06	-2.931398e+13	-1.138592e-04	-7.963127e+05	 4.008497e-03	-4.145166e-04	-1.455423e-04	-3.516711e-05	 7.499032e-09	
-1.812570e-08	-5.440853e-07	-1.397089e-07	 1.309341e-06	-1.178218e-06	-5.626539e-07	 1.530038e-04	 4.904804e-10	 4.229264e-04	 2.182886e-04	-6.133143e-05	 7.341446e-04	-7.663028e-03	-5.434036e-03	-3.500025e-03	-2.096875e-03	 3.087085e-04	-2.102217e-04	-3.027157e-04	-6.169341e-04	-7.448976e-04	 7.836817e-07	 1.087444e-06	 1.904289e-06	 3.361517e-07	 2.164928e-03	 9.493909e-05	-1.652569e-05	-9.571080e-06	 3.313642e-05	-1.068581e-05	-2.527041e-05	-5.396945e-05	 5.216513e-08	-1.443705e-07	 3.940315e-07	-5.578351e-06	-1.685759e-04	-1.241860e-06	 2.515191e-07	-2.523993e-07	 4.366845e+13	-1.921048e-04	 2.572192e+05	 7.374157e-03	 2.636558e-04	 3.960820e-05	 2.489459e-05	-4.803139e-07	
-1.108280e-07	-5.915010e-07	-3.025812e-07	 3.931037e-05	 1.751398e-06	 1.616602e-05	 5.346872e-04	 2.603050e-09	-1.559076e-04	-4.622413e-03	-7.411258e-05	 2.527759e-03	-1.275832e-02	-8.989604e-03	-3.182347e-05	 6.522519e-03	-2.529927e-03	-4.027245e-05	 2.434363e-04	-6.237153e-04	-8.045145e-05	 1.978635e-06	 1.664652e-06	 4.032091e-05	 6.183344e-07	 9.493909e-05	 1.686027e-02	-3.186203e-05	-3.773154e-05	-2.301970e-05	-1.144904e-05	-5.410448e-05	-9.586622e-05	-1.877115e-07	-7.484162e-07	 2.137678e-06	-7.703985e-06	-2.940172e-04	 1.320214e-05	 9.100809e-07	-9.134339e-07	 9.366743e+13	-2.186574e-04	 2.834820e+06	 2.463282e-02	 3.365436e-04	-3.682593e-05	 3.137697e-05	-1.306804e-06	
-6.654107e-08	 9.638142e-07	 3.047222e-08	-6.404633e-06	-9.501399e-07	-3.721666e-06	 1.488289e-05	 2.317007e-10	-7.699544e-05	-6.767162e-04	 6.529849e-05	-6.539214e-04	 5.707979e-03	 4.284850e-03	 2.662494e-03	 2.180395e-03	-2.674246e-04	-5.187442e-04	 5.475239e-04	 1.036169e-04	 4.158698e-06	-1.379166e-06	-1.637137e-06	-7.316490e-06	 7.432655e-07	-1.652569e-05	-3.186203e-05	 1.422124e-03	 2.944332e-04	 1.095341e-04	-3.747658e-04	-9.676665e-05	-9.871445e-05	-1.247678e-07	-2.868277e-07	 1.516838e-07	-3.922714e-06	-1.948244e-04	-2.077241e-07	 3.443839e-06	-3.444549e-06	-2.230210e+13	 1.557952e-04	 7.455287e+05	-5.216075e-03	-2.676686e-04	-8.278056e-05	-2.554379e-05	 1.336258e-07	
-5.212830e-08	 1.539852e-06	-1.618658e-07	-1.181499e-06	 1.089247e-06	-1.288463e-06	 1.369206e-04	 1.182234e-09	-2.552973e-04	 1.909453e-03	-3.939015e-05	-2.563711e-04	 3.036359e-03	 1.284936e-03	-1.370898e-03	-2.872644e-03	-4.177247e-05	-5.856825e-05	 2.347160e-04	 4.666284e-04	-1.316732e-05	-3.211573e-07	-1.172218e-06	-1.006575e-06	-2.266851e-06	-9.571080e-06	-3.773154e-05	 2.944332e-04	 8.433305e-04	 3.448719e-05	 7.317959e-04	 3.755519e-05	-6.350865e-04	-1.512679e-07	 1.791922e-07	-4.582353e-08	 4.407728e-06	 1.109964e-04	 1.395366e-06	 2.061239e-06	-2.062171e-06	-2.112090e+13	-1.800205e-05	-1.394986e+06	-1.000614e-02	-6.432456e-04	-2.067125e-04	-5.697504e-05	 1.774616e-07	
-2.337966e-07	-2.758255e-07	-7.441550e-08	 5.100396e-06	 4.859862e-07	 1.172651e-06	 6.161485e-04	 9.806669e-10	-3.408926e-05	 1.048138e-03	 4.872612e-05	 7.220489e-04	-1.266157e-02	-4.633183e-03	 1.043974e-03	-1.755330e-03	 4.022300e-04	-3.686569e-04	 6.225966e-04	-3.301296e-03	-5.861283e-03	-1.793437e-06	-4.941579e-07	-7.094477e-06	 2.850670e-07	 3.313642e-05	-2.301970e-05	 1.095341e-04	 3.448719e-05	 7.086741e-03	-3.087904e-04	 6.961236e-04	 4.503742e-03	-2.315299e-07	-1.537436e-07	-5.683510e-07	-8.417202e-06	-3.455499e-04	 6.688270e-07	 1.867924e-06	-1.869768e-06	-7.197943e+13	-7.284081e-04	-5.063383e+06	-2.156907e-02	 3.303126e-04	 6.198116e-05	 2.696638e-05	-4.686971e-07	
-3.506097e-07	 7.622735e-06	-7.778986e-07	-1.252108e-05	 6.119576e-06	-1.300376e-05	 8.238985e-04	 6.882898e-09	-3.276027e-04	 3.205564e-04	-5.775911e-05	-2.189036e-04	 6.629158e-03	-1.658140e-03	-1.926196e-03	-1.457158e-03	 3.852196e-04	-9.721962e-04	-2.499019e-04	-7.999019e-04	 1.063960e-03	 5.812527e-07	 1.542772e-07	 4.830556e-06	-3.726865e-06	-1.068581e-05	-1.144904e-05	-3.747658e-04	 7.317959e-04	-3.087904e-04	 2.894707e-03	 5.125403e-04	-8.249732e-04	 9.468266e-08	 5.340944e-07	 6.428319e-08	 1.880262e-05	 4.610497e-04	 3.853052e-06	 1.076402e-05	-1.076984e-05	-8.379063e+13	-5.994945e-04	-6.095922e+06	-3.113260e-03	-3.122605e-03	-1.045685e-03	-2.784609e-04	 5.450142e-07	
-1.084438e-06	 1.052994e-05	-1.213153e-06	-2.759677e-05	 1.826512e-06	-2.718135e-05	 1.687793e-03	 1.103686e-08	-9.692900e-05	-6.390472e-03	 1.715378e-04	 9.738919e-04	-3.019793e-04	 8.630483e-04	 7.413066e-03	 1.294541e-02	-1.913984e-03	-7.147021e-04	 2.075228e-05	-3.109613e-04	-1.039663e-03	 7.849527e-07	 1.402482e-06	 4.729713e-06	-9.674256e-07	-2.527041e-05	-5.410448e-05	-9.676665e-05	 3.755519e-05	 6.961236e-04	 5.125403e-04	 6.428717e-03	 7.580090e-03	 1.956410e-07	-9.633862e-07	-1.056305e-07	-1.783966e-05	-9.814372e-04	 3.041075e-06	 2.724840e-05	-2.726185e-05	-2.482175e+14	-8.456965e-04	-6.348118e+06	 1.411816e-03	-3.452814e-03	-1.276966e-03	-3.150203e-04	-4.144793e-07	
-4.964617e-06	 4.385517e-05	-6.006892e-06	-6.092263e-05	 7.176022e-06	-1.007543e-04	 8.873700e-03	 4.989056e-08	 6.060875e-05	-1.855212e-02	 1.268722e-03	 2.599131e-04	-1.589886e-03	 1.772445e-02	 4.045059e-02	 3.304604e-02	-8.538933e-03	-1.614608e-04	 1.397625e-04	 1.643666e-03	 1.841190e-03	-7.795370e-07	 3.423857e-06	-4.488110e-06	 3.173637e-06	-5.396945e-05	-9.586622e-05	-9.871445e-05	-6.350865e-04	 4.503742e-03	-8.249732e-04	 7.580090e-03	 6.506537e-02	 1.408355e-06	-4.005704e-06	 6.562424e-06	-9.656218e-05	-4.993385e-03	 2.560172e-05	 1.199325e-04	-1.199945e-04	-7.469602e+14	-4.609779e-03	-4.384174e+07	 5.129808e-02	-1.397797e-02	-5.357005e-03	-1.272055e-03	-3.472968e-06	
 1.624951e-09	 7.304567e-08	-7.295834e-09	 1.541924e-07	 5.569435e-09	-7.870078e-08	 1.704539e-05	 9.069708e-11	-8.940328e-06	-3.469728e-04	 1.100812e-05	 1.787870e-04	 5.831334e-03	-1.195385e-04	 6.110588e-04	 5.869726e-04	-1.661799e-06	 2.948050e-04	-2.871046e-04	-1.505111e-05	 8.489683e-05	-3.723174e-08	-2.576070e-08	 7.790828e-08	-4.629855e-08	 5.216513e-08	-1.877115e-07	-1.247678e-07	-1.512679e-07	-2.315299e-07	 9.468266e-08	 1.956410e-07	 1.408355e-06	 5.979467e-07	-1.103481e-08	-1.349963e-08	 6.356304e-07	 2.097140e-05	 2.162044e-08	-2.561847e-08	 2.557814e-08	-1.227202e+12	-1.431808e-05	-5.147339e+04	-6.895552e-05	-3.851978e-05	-1.347432e-05	-3.377872e-06	 3.322492e-09	
 8.865712e-09	-2.620995e-08	 2.346632e-08	-1.323009e-06	-4.931239e-07	-3.864349e-07	-4.961883e-05	-1.920640e-10	 3.840424e-06	 4.558090e-03	-2.356676e-05	-4.111716e-04	 5.081193e-03	 9.347715e-04	-2.179604e-03	-7.397940e-03	-9.932528e-05	 1.996817e-05	-2.182890e-04	 2.536272e-03	 4.531741e-03	-9.131039e-08	-1.167711e-07	-2.019442e-07	-1.040163e-07	-1.443705e-07	-7.484162e-07	-2.868277e-07	 1.791922e-07	-1.537436e-07	 5.340944e-07	-9.633862e-07	-4.005704e-06	-1.103481e-08	 2.114382e-06	-2.019481e-08	-2.106917e-07	-7.509183e-06	-4.295304e-07	 2.860119e-08	-2.842670e-08	 6.001083e+12	 3.178039e-05	 1.081548e+04	-2.203360e-04	 1.331670e-05	 1.044003e-05	 1.096927e-06	 4.915437e-08	
 2.978547e-08	 6.877805e-08	 5.091577e-08	 4.325105e-06	 5.399948e-07	-3.568908e-06	-1.996343e-05	 2.403917e-11	-6.013257e-05	 8.660766e-04	-2.879673e-06	 7.728908e-05	 2.274334e-03	 2.720708e-04	 2.087683e-04	 7.635059e-04	 2.034754e-04	 1.801208e-05	-1.185967e-06	 2.560762e-05	 5.965665e-04	 7.040226e-07	 3.782201e-07	 2.417579e-07	 9.472044e-07	 3.940315e-07	 2.137678e-06	 1.516838e-07	-4.582353e-08	-5.683510e-07	 6.428319e-08	-1.056305e-07	 6.562424e-06	-1.349963e-08	-2.019481e-08	 5.746791e-06	 3.404209e-06	 1.224530e-04	 1.849845e-06	-8.399676e-07	 8.402354e-07	 2.981907e+12	-6.842692e-05	 5.799621e+05	 2.681019e-03	-7.504661e-05	-1.935674e-05	-6.918231e-06	 8.260138e-08	
 2.352568e-06	 5.318574e-05	-8.493171e-07	 3.068680e-04	 1.275564e-04	 1.587510e-04	-4.048301e-04	 6.518897e-08	-5.070814e-03	-3.754393e-04	-1.344882e-05	 3.822606e-04	 1.642412e-02	-4.010937e-03	-2.189555e-03	-7.440720e-04	 1.002013e-03	-1.516604e-04	 7.878444e-05	-1.461854e-03	-1.022322e-03	 1.224191e-05	 1.274927e-05	 2.257143e-06	 1.438793e-05	-5.578351e-06	-7.703985e-06	-3.922714e-06	 4.407728e-06	-8.417202e-06	 1.880262e-05	-1.783966e-05	-9.656218e-05	 6.356304e-07	-2.106917e-07	 3.404209e-06	 8.605721e-04	 2.929856e-02	 1.438659e-04	-1.344386e-04	 1.344437e-04	 5.570665e+14	 1.232416e-04	 1.262099e+07	 4.315167e-02	-3.342481e-02	-1.037601e-02	-2.972709e-03	 1.459717e-05	
 9.060271e-05	 1.629592e-03	-1.144001e-05	 1.121320e-02	 4.450394e-03	 5.987096e-03	-3.133783e-02	 2.095077e-06	-1.628461e-01	-1.089262e-02	-4.992025e-04	 1.147916e-02	 5.270790e-01	-1.335352e-01	-8.518497e-02	-3.474858e-02	 3.122614e-02	-4.626158e-03	 4.042480e-03	-4.348309e-02	-2.855963e-02	 4.363496e-04	 4.529823e-04	 7.368499e-05	 5.143567e-04	-1.685759e-04	-2.940172e-04	-1.948244e-04	 1.109964e-04	-3.455499e-04	 4.610497e-04	-9.814372e-04	-4.993385e-03	 2.097140e-05	-7.509183e-06	 1.224530e-04	 2.929856e-02	 1.025132e+00	 4.919637e-03	-5.152385e-03	 5.152750e-03	 2.075028e+16	 1.532341e-02	 5.321354e+08	 1.339338e+00	-1.080178e+00	-3.321919e-01	-9.601604e-02	 5.006638e-04	
 1.726273e-07	 1.222137e-05	-2.028082e-07	 2.061399e-04	 3.282994e-05	 9.729954e-05	 6.134227e-04	 1.432309e-08	-6.441285e-04	-4.183630e-03	 1.305373e-04	 1.089415e-04	-5.779255e-03	-3.106518e-03	 2.234860e-03	 5.188756e-03	-2.144171e-03	-6.962672e-05	-1.996147e-04	-1.513780e-03	-4.138482e-04	 2.804667e-06	 3.266790e-06	-2.918432e-07	 3.506614e-06	-1.241860e-06	 1.320214e-05	-2.077241e-07	 1.395366e-06	 6.688270e-07	 3.853052e-06	 3.041075e-06	 2.560172e-05	 2.162044e-08	-4.295304e-07	 1.849845e-06	 1.438659e-04	 4.919637e-03	 9.574578e-05	-1.636396e-05	 1.636142e-05	 2.698367e+13	-3.270391e-04	-4.664319e+05	 9.894692e-03	-6.813409e-03	-2.188263e-03	-6.107558e-04	 2.426229e-06	
-9.899080e-07	 6.888825e-06	-1.127459e-06	-8.549663e-05	-2.175803e-05	-5.721048e-05	 1.232675e-03	 1.545571e-09	-6.618840e-05	-5.389492e-04	 2.395513e-05	 1.894383e-05	 6.813255e-04	 9.655246e-04	 1.990838e-03	 1.725986e-03	-1.324031e-04	-6.736981e-05	-5.739977e-05	-5.347925e-05	 1.136520e-04	-2.645293e-06	-2.924278e-06	-9.404857e-07	-3.362142e-06	 2.515191e-07	 9.100809e-07	 3.443839e-06	 2.061239e-06	 1.867924e-06	 1.076402e-05	 2.724840e-05	 1.199325e-04	-2.561847e-08	 2.860119e-08	-8.399676e-07	-1.344386e-04	-5.152385e-03	-1.636396e-05	 5.522939e-05	-5.524335e-05	-1.584821e+14	-7.751037e-04	-8.260302e+06	 2.953576e-03	-3.852065e-04	-3.414630e-04	-3.791570e-05	-1.875312e-06	
 9.903674e-07	-6.894708e-06	 1.128450e-06	 8.550083e-05	 2.175692e-05	 5.722051e-05	-1.234016e-03	-1.552974e-09	 6.675629e-05	 5.414327e-04	-2.402730e-05	-1.913673e-05	-6.778983e-04	-9.627886e-04	-1.991679e-03	-1.728231e-03	 1.332200e-04	 6.745625e-05	 5.750123e-05	 5.403342e-05	-1.136363e-04	 2.645137e-06	 2.924096e-06	 9.406701e-07	 3.362018e-06	-2.523993e-07	-9.134339e-07	-3.444549e-06	-2.062171e-06	-1.869768e-06	-1.076984e-05	-2.726185e-05	-1.199945e-04	 2.557814e-08	-2.842670e-08	 8.402354e-07	 1.344437e-04	 5.152750e-03	 1.636142e-05	-5.524335e-05	 5.525732e-05	 1.586096e+14	 7.758814e-04	 8.265333e+06	-2.962333e-03	 3.873164e-04	 3.423043e-04	 3.810259e-05	 1.876108e-06	
 9.260930e+12	-1.982494e+12	 1.667340e+13	-2.643037e+14	-1.762608e+14	 5.444834e+13	-6.271307e+16	-7.738129e+10	 8.187278e+15	 7.121515e+16	-1.548703e+15	-1.033316e+16	 2.033542e+17	 1.395170e+17	 3.769171e+16	-1.383712e+16	 2.094441e+16	 4.302246e+15	 1.643657e+15	 9.460164e+15	-1.275609e+15	-2.500504e+13	-2.433409e+13	 1.845652e+13	-2.931398e+13	 4.366845e+13	 9.366743e+13	-2.230210e+13	-2.112090e+13	-7.197943e+13	-8.379063e+13	-2.482175e+14	-7.469602e+14	-1.227202e+12	 6.001083e+12	 2.981907e+12	 5.570665e+14	 2.075028e+16	 2.698367e+13	-1.584821e+14	 1.586096e+14	 3.498492e+34	 7.938832e+16	 6.330406e+26	-6.765248e+16	-8.416507e+15	 1.109875e+15	-7.967724e+14	 3.736455e+13	
 4.458391e-05	-3.649072e-04	 1.067302e-04	-1.725347e-03	-1.076298e-03	 2.616536e-04	-3.551896e-01	-7.392216e-07	 1.707638e-01	 3.058977e-01	-8.071257e-03	-4.025406e-02	 5.731923e-01	 6.535115e-01	 2.056811e-01	-3.893632e-02	 9.034532e-02	 2.404274e-02	 1.439678e-02	 7.420717e-02	 2.342933e-02	-1.478234e-04	-1.246768e-04	-8.898057e-05	-1.138592e-04	-1.921048e-04	-2.186574e-04	 1.557952e-04	-1.800205e-05	-7.284081e-04	-5.994945e-04	-8.456965e-04	-4.609779e-03	-1.431808e-05	 3.178039e-05	-6.842692e-05	 1.232416e-04	 1.532341e-02	-3.270391e-04	-7.751037e-04	 7.758814e-04	 7.938832e+16	 5.779033e-01	 2.297516e+09	-5.355437e-01	 1.364460e-01	 6.360615e-02	 1.185017e-02	 1.349863e-04	
 3.173932e+05	-2.232513e+06	 5.054638e+05	-1.924714e+06	-5.895703e+06	 5.511473e+06	-2.174075e+09	-3.748938e+03	-5.539612e+08	 1.576682e+09	-4.780433e+07	-1.548445e+08	 2.939388e+09	 3.464484e+09	 9.195435e+08	 2.619049e+07	 7.330649e+08	 9.106532e+07	 2.922050e+07	 3.139933e+08	 3.539173e+07	-6.129649e+05	-9.855465e+05	 7.304054e+05	-7.963127e+05	 2.572192e+05	 2.834820e+06	 7.455287e+05	-1.394986e+06	-5.063383e+06	-6.095922e+06	-6.348118e+06	-4.384174e+07	-5.147339e+04	 1.081548e+04	 5.799621e+05	 1.262099e+07	 5.321354e+08	-4.664319e+05	-8.260302e+06	 8.265333e+06	 6.330406e+26	 2.297516e+09	 7.550476e+19	 2.462512e+09	 6.134701e+08	 3.225062e+08	 5.496760e+07	 8.818072e+05	
-4.463968e-04	 7.607719e-03	-8.997571e-04	 1.729734e-02	 8.891398e-03	 9.529326e-04	 9.233622e-01	 1.193685e-05	-2.905160e+00	-5.310991e+00	 1.615546e-01	 4.545323e-01	-1.349637e+01	-7.258817e-01	 6.052530e+00	 9.483430e+00	-3.043932e+00	-1.651891e-01	-7.996788e-01	-8.620321e-01	 1.456553e+00	 2.297845e-03	 2.846799e-03	-4.265657e-03	 4.008497e-03	 7.374157e-03	 2.463282e-02	-5.216075e-03	-1.000614e-02	-2.156907e-02	-3.113260e-03	 1.411816e-03	 5.129808e-02	-6.895552e-05	-2.203360e-04	 2.681019e-03	 4.315167e-02	 1.339338e+00	 9.894692e-03	 2.953576e-03	-2.962333e-03	-6.765248e+16	-5.355437e-01	 2.462512e+09	 1.360161e+03	-3.466658e+00	-1.292453e+00	-3.105775e-01	-3.857177e-04	
 1.461225e-05	-4.713889e-03	 2.783415e-04	-6.355211e-03	-4.887793e-03	-1.060088e-03	-2.055697e-01	-4.693793e-06	 3.710533e-01	 1.864333e-01	-5.487635e-03	-3.100291e-02	-1.097128e+00	 1.641001e-01	-2.210094e-01	-3.038385e-01	-1.630074e-02	 2.405359e-02	 5.614704e-03	 1.122694e-01	 3.802943e-02	-3.890610e-04	-3.724489e-04	 1.624107e-05	-4.145166e-04	 2.636558e-04	 3.365436e-04	-2.676686e-04	-6.432456e-04	 3.303126e-04	-3.122605e-03	-3.452814e-03	-1.397797e-02	-3.851978e-05	 1.331670e-05	-7.504661e-05	-3.342481e-02	-1.080178e+00	-6.813409e-03	-3.852065e-04	 3.873164e-04	-8.416507e+15	 1.364460e-01	 6.134701e+08	-3.466658e+00	 2.297277e+00	 7.534190e-01	 2.046423e-01	-6.258721e-04	
 1.219807e-05	-1.568725e-03	 1.094337e-04	-2.150044e-03	-1.584584e-03	-2.295959e-04	-1.008373e-01	-1.635682e-06	 1.321576e-01	 1.516850e-01	-4.444125e-03	-1.603439e-02	-1.722626e-01	 1.657392e-01	-8.370744e-02	-1.658510e-01	 2.998429e-02	 9.895988e-03	 6.008722e-03	 5.373334e-02	 8.965538e-03	-1.356288e-04	-1.333973e-04	 4.973049e-06	-1.455423e-04	 3.960820e-05	-3.682593e-05	-8.278056e-05	-2.067125e-04	 6.198116e-05	-1.045685e-03	-1.276966e-03	-5.357005e-03	-1.347432e-05	 1.044003e-05	-1.935674e-05	-1.037601e-02	-3.321919e-01	-2.188263e-03	-3.414630e-04	 3.423043e-04	 1.109875e+15	 6.360615e-02	 3.225062e+08	-1.292453e+00	 7.534190e-01	 2.518636e-01	 6.704193e-02	-1.634443e-04	
 1.525665e-06	-4.210035e-04	 2.292032e-05	-5.517337e-04	-4.317726e-04	-8.454635e-05	-1.779730e-02	-4.165588e-07	 3.114733e-02	 1.457734e-02	-4.153894e-04	-2.731332e-03	-1.025756e-01	 1.109377e-02	-2.038598e-02	-2.678092e-02	-2.192908e-03	 2.149236e-03	 3.945119e-04	 9.588531e-03	 3.443549e-03	-3.335720e-05	-3.169557e-05	 3.134422e-06	-3.516711e-05	 2.489459e-05	 3.137697e-05	-2.554379e-05	-5.697504e-05	 2.696638e-05	-2.784609e-04	-3.150203e-04	-1.272055e-03	-3.377872e-06	 1.096927e-06	-6.918231e-06	-2.972709e-03	-9.601604e-02	-6.107558e-04	-3.791570e-05	 3.810259e-05	-7.967724e+14	 1.185017e-02	 5.496760e+07	-3.105775e-01	 2.046423e-01	 6.704193e-02	 1.825501e-02	-5.698184e-05	
 6.540643e-08	 1.086418e-06	 1.377827e-07	 1.214423e-06	 1.470127e-06	 1.283059e-06	-2.479652e-04	 4.044523e-10	 3.121784e-05	 7.411596e-04	-2.194866e-05	-4.160484e-05	 1.941058e-03	 9.525817e-04	-2.672909e-05	-4.747766e-04	 3.065156e-04	 1.029725e-05	 3.400039e-05	 1.198368e-04	-3.391022e-05	 2.257150e-08	-1.176307e-08	-4.475014e-08	 7.499032e-09	-4.803139e-07	-1.306804e-06	 1.336258e-07	 1.774616e-07	-4.686971e-07	 5.450142e-07	-4.144793e-07	-3.472968e-06	 3.322492e-09	 4.915437e-08	 8.260138e-08	 1.459717e-05	 5.006638e-04	 2.426229e-06	-1.875312e-06	 1.876108e-06	 3.736455e+13	 1.349863e-04	 8.818072e+05	-3.857177e-04	-6.258721e-04	-1.634443e-04	-5.698184e-05	 5.572585e-07	
