#          omega_b,        omega_cdm,      100*theta_s,     ln10^{10}A_s,              n_s,         tau_reio,        log10_a_c,   Omega_many_fld, Theta_initial_fld,        A_cib_217,        xi_sz_cib,             A_sz,     ps_A_100_100,     ps_A_143_143,     ps_A_143_217,     ps_A_217_217,         ksz_norm,     gal545_A_100,     gal545_A_143, gal545_A_143_217,     gal545_A_217,    galf_EE_A_100, galf_EE_A_100_143, galf_EE_A_100_217,    galf_EE_A_143, galf_EE_A_143_217,    galf_EE_A_217,    galf_TE_A_100, galf_TE_A_100_143, galf_TE_A_100_217,    galf_TE_A_143, galf_TE_A_143_217,    galf_TE_A_217,       calib_100T,       calib_217T,         A_planck,                M,               H0,           sigma8,          Omega_m,     Omega_Lambda,   Omega_axion_ac,      omega_axion,          m_axion,      alpha_axion,           rd_rec,           da_rec,      100*theta_d
 5.228361e-08	 3.514422e-07	-1.547972e-08	 1.328631e-06	 1.115922e-06	 2.203740e-07	-1.387526e-05	-2.190695e-18	 2.188968e-06	-1.228689e-04	 2.984329e-06	 2.381933e-05	-3.951328e-04	-3.874261e-04	-1.661493e-04	-8.207901e-05	-2.239013e-05	 6.254222e-06	 6.381926e-06	-1.896079e-05	-4.558832e-06	-1.466323e-08	-5.926820e-09	 4.720741e-09	-1.267653e-08	-1.167104e-07	-4.738712e-07	 2.950209e-08	-6.786748e-09	-3.076237e-07	-1.831940e-08	-6.488482e-07	-3.419221e-06	 4.353020e-09	-1.164886e-08	-1.282647e-08	 4.742737e-06	 1.616778e-04	 1.301653e-06	-5.576999e-07	 5.580908e-07	 1.314539e+05	0.000000e+00	0.000000e+00	0.000000e+00	-5.909366e-05	-1.885463e-05	 1.616371e-07	
 3.514422e-07	 1.316911e-05	-6.489347e-07	-6.673690e-06	 1.313488e-05	-1.748741e-05	-1.763990e-04	 2.895266e-15	 1.666287e-04	-1.654533e-03	 2.836834e-05	 3.681371e-04	-3.187671e-03	-3.422096e-03	-3.524059e-04	 6.978631e-04	-1.535920e-04	 1.058915e-04	 2.014004e-04	-1.445657e-04	 1.123336e-04	-1.475020e-06	-1.496267e-06	 7.269064e-08	-1.757266e-06	-3.246711e-06	-8.315329e-06	 1.826904e-06	 1.790305e-06	-2.299216e-06	 6.294407e-06	 4.957819e-06	 1.826034e-05	-5.555724e-08	-1.329180e-07	-9.545924e-07	 7.230926e-05	 2.215440e-03	 2.823191e-05	 8.563861e-06	-8.558499e-06	 1.918585e+06	0.000000e+00	0.000000e+00	0.000000e+00	-1.781030e-03	-5.397545e-04	 3.433019e-06	
-1.547972e-08	-6.489347e-07	 1.110953e-07	 1.009320e-06	-6.326099e-07	 1.154029e-06	 9.213270e-06	-1.494806e-16	-8.442467e-06	 8.324215e-05	-1.450849e-06	-2.276863e-05	 1.995211e-04	 2.259274e-04	 5.342000e-05	 7.626483e-06	 2.206210e-06	-7.221110e-06	-1.072229e-05	 1.651436e-06	-1.203267e-05	 7.144001e-08	 6.310232e-08	 2.957870e-09	 7.667775e-08	 7.206048e-08	 7.858474e-08	-1.069464e-07	-1.054489e-07	 1.779403e-07	-3.968102e-07	-2.786330e-07	-1.003482e-06	 2.391827e-09	 7.006222e-09	 5.114725e-08	-3.147246e-06	-9.394410e-05	-9.946491e-07	-5.480405e-07	 5.478140e-07	-1.097427e+05	0.000000e+00	0.000000e+00	0.000000e+00	 8.750470e-05	 2.600550e-05	-1.521352e-07	
 1.328631e-06	-6.673690e-06	 1.009320e-06	 4.445744e-04	 4.629553e-05	 2.240495e-04	-2.174468e-04	-1.153885e-15	-3.105126e-05	-6.367649e-03	 2.217578e-04	-9.126060e-05	-1.346496e-02	-9.279484e-03	-8.169243e-04	 5.438327e-03	-4.313593e-03	-1.017556e-04	-4.908629e-04	-2.752890e-03	-1.293567e-03	 5.114394e-06	 4.821945e-06	-4.342497e-06	 5.664105e-06	 1.270356e-07	-1.885854e-05	 1.504830e-06	-1.692897e-06	 3.346583e-06	-1.564271e-05	-2.077310e-05	-1.492960e-04	 2.435013e-08	-7.574662e-07	 6.007498e-06	 1.631720e-04	 6.205615e-03	 1.705803e-04	-6.367470e-05	 6.368969e-05	 1.668554e+06	0.000000e+00	0.000000e+00	0.000000e+00	 2.019199e-04	-1.147892e-05	 2.513750e-06	
 1.115922e-06	 1.313488e-05	-6.326099e-07	 4.629553e-05	 4.481006e-05	 9.080854e-06	-3.881565e-04	 1.802886e-15	 2.158138e-04	-5.775169e-03	 1.824730e-04	 4.937124e-04	-1.750118e-02	-8.728141e-03	 7.705093e-04	 3.949314e-03	-2.972997e-03	 5.588734e-04	 1.815348e-04	-1.257116e-03	-2.606626e-04	 8.221446e-07	 1.078882e-06	-4.451683e-07	 1.114423e-06	-4.555902e-06	-1.845865e-05	 1.493709e-06	 1.117010e-06	-4.468192e-06	 4.840948e-06	-3.721970e-06	-4.032787e-05	-1.800800e-07	-4.598354e-07	-4.934259e-07	 1.585063e-04	 5.378396e-03	 5.204450e-05	-1.690498e-05	 1.691799e-05	 3.724891e+06	0.000000e+00	0.000000e+00	0.000000e+00	-2.038178e-03	-6.641345e-04	 5.699450e-06	
 2.203740e-07	-1.748741e-05	 1.154029e-06	 2.240495e-04	 9.080854e-06	 1.354696e-04	 8.697370e-05	-3.526774e-15	-1.681853e-04	-1.526022e-03	 4.200588e-05	-1.984221e-04	-8.997995e-03	-3.276901e-03	-2.386905e-03	-1.459930e-03	-1.193436e-03	-6.907283e-05	-1.903564e-04	-8.250145e-04	-1.321343e-03	 3.701142e-06	 3.821749e-06	-1.805069e-06	 3.845204e-06	 4.568901e-06	-4.246240e-07	-1.150149e-06	-2.047340e-06	 5.290054e-06	-1.433092e-05	-1.462344e-05	-1.017481e-04	-5.696742e-08	-2.204149e-07	-2.291581e-06	 1.586694e-06	 6.369561e-04	 5.291849e-05	-4.044737e-05	 4.044889e-05	-1.233022e+06	0.000000e+00	0.000000e+00	0.000000e+00	 2.029989e-03	 5.791175e-04	-2.494760e-06	
-1.387526e-05	-1.763990e-04	 9.213270e-06	-2.174468e-04	-3.881565e-04	 8.697370e-05	 1.209751e-02	 2.479484e-14	-9.939574e-04	 1.163894e-02	 3.190112e-05	-5.589168e-03	 5.568871e-02	 1.076220e-01	 7.468095e-02	 6.438279e-02	-1.157502e-02	-3.604243e-03	-6.199088e-03	 2.283346e-04	 2.660647e-03	 2.137440e-05	 2.085039e-05	-1.492799e-05	 2.547050e-05	 8.692262e-05	 2.866518e-04	-3.985070e-05	-1.148517e-05	 1.040848e-04	-7.288899e-05	 1.262174e-04	 7.094941e-04	-1.306665e-07	 1.524532e-06	 1.994141e-05	-1.328949e-03	-4.247263e-02	-5.224252e-04	-2.706192e-05	 2.695770e-05	-5.843949e+07	0.000000e+00	0.000000e+00	0.000000e+00	 2.374304e-02	 7.965144e-03	-7.307212e-05	
-2.190695e-18	 2.895266e-15	-1.494806e-16	-1.153885e-15	 1.802886e-15	-3.526774e-15	 2.479484e-14	 1.584294e-24	 3.631571e-14	-6.476742e-13	 1.609271e-14	 9.317203e-14	-1.134678e-12	-3.673194e-13	 7.039339e-13	 1.049810e-12	-2.736108e-13	-5.242868e-15	 5.497908e-15	-7.087693e-14	 8.853525e-14	-1.603849e-16	-1.533760e-16	 3.619268e-17	-2.199992e-16	-2.268345e-17	 2.808493e-16	 4.781863e-16	 4.753413e-16	 1.542376e-16	 1.197090e-15	 2.685163e-15	 1.042852e-14	-3.000803e-17	-3.555099e-17	-1.768141e-16	 1.993817e-14	 6.387963e-13	 5.990836e-15	 4.256556e-16	-4.241095e-16	 8.735987e-05	0.000000e+00	0.000000e+00	0.000000e+00	-4.318969e-13	-1.226180e-13	 5.399981e-16	
 2.188968e-06	 1.666287e-04	-8.442467e-06	-3.105126e-05	 2.158138e-04	-1.681853e-04	-9.939574e-04	 3.631571e-14	 8.173350e-01	 2.573525e-02	 7.400483e-04	 1.220309e-03	-2.070663e-02	-1.571973e-02	 2.217470e-02	-2.540165e-02	-2.380248e-02	-1.181856e-03	 6.131948e-03	 2.892451e-03	-2.140067e-02	-3.668198e-06	 4.082296e-06	 1.046170e-04	-1.364535e-05	 1.910080e-04	 5.394468e-04	 1.396465e-04	-1.150970e-04	 2.278084e-04	-3.553847e-04	-3.035600e-05	 9.011011e-04	-8.997124e-06	 5.269234e-06	-1.648916e-05	 7.072353e-04	 2.127399e-02	 4.076570e-04	 1.599503e-04	-1.598992e-04	 3.216430e+07	0.000000e+00	0.000000e+00	0.000000e+00	-2.156302e-02	-6.511360e-03	 4.013969e-05	
-1.228689e-04	-1.654533e-03	 8.324215e-05	-6.367649e-03	-5.775169e-03	-1.526022e-03	 1.163894e-02	-6.476742e-13	 2.573525e-02	 4.434003e+01	-6.089839e-01	-1.699197e+00	 4.743910e+01	 1.540656e+00	-2.266019e+01	-5.940737e+01	-1.941449e+00	-3.286724e-02	-3.778071e-02	-2.419660e+00	-1.865340e+01	-1.175132e-04	-1.406754e-04	 6.697379e-04	-2.272399e-05	 5.881141e-04	-3.475196e-03	 6.247543e-04	 1.441589e-03	 1.836693e-03	-9.734886e-04	-4.648116e-03	 2.095614e-03	-3.045575e-04	 4.387347e-03	 9.154481e-04	-1.791130e-02	-6.042177e-01	-7.175185e-03	 1.549713e-03	-1.551179e-03	-1.637131e+08	0.000000e+00	0.000000e+00	0.000000e+00	 2.800492e-01	 8.101062e-02	-4.521436e-04	
 2.984329e-06	 2.836834e-05	-1.450849e-06	 2.217578e-04	 1.824730e-04	 4.200588e-05	 3.190112e-05	 1.609271e-14	 7.400483e-04	-6.089839e-01	 8.018984e-02	-6.115092e-02	-7.435075e-01	 1.232303e+00	 2.364818e+00	 1.009626e+00	 5.478189e-02	-2.396023e-03	 1.130056e-02	 1.393515e-01	 1.451198e-01	 1.689518e-05	 1.305410e-05	-3.178577e-05	 1.485292e-05	 7.204435e-05	 1.176726e-04	-4.879756e-05	-4.150423e-05	 4.768242e-05	-3.421625e-05	 1.251568e-04	 2.367869e-04	 9.684960e-06	-2.357908e-05	 3.971629e-06	 4.046231e-04	 1.389941e-02	 1.908867e-04	-5.502137e-05	 5.505507e-05	 5.657228e+05	0.000000e+00	0.000000e+00	0.000000e+00	-5.575498e-03	-1.535664e-03	 6.859265e-06	
 2.381933e-05	 3.681371e-04	-2.276863e-05	-9.126060e-05	 4.937124e-04	-1.984221e-04	-5.589168e-03	 9.317203e-14	 1.220309e-03	-1.699197e+00	-6.115092e-02	 3.150059e+00	-2.836609e+01	-7.779638e+00	 1.894313e+00	 2.240300e+00	 7.265488e-02	-1.324381e-01	 1.098546e-03	 1.728466e+00	 1.640216e+00	 5.342672e-06	 2.169442e-05	 1.935196e-04	-4.457032e-07	 1.052081e-05	-7.436903e-04	-2.914254e-05	 1.487292e-05	 1.471712e-03	-1.549724e-04	 2.048406e-05	-8.124666e-04	 1.522916e-04	-3.613111e-04	-6.832946e-05	 3.790809e-03	 1.271521e-01	 6.998564e-04	-2.884752e-04	 2.887824e-04	 6.570284e+07	0.000000e+00	0.000000e+00	0.000000e+00	-5.749938e-02	-1.765142e-02	 1.237555e-04	
-3.951328e-04	-3.187671e-03	 1.995211e-04	-1.346496e-02	-1.750118e-02	-8.997995e-03	 5.568871e-02	-1.134678e-12	-2.070663e-02	 4.743910e+01	-7.435075e-01	-2.836609e+01	 8.077867e+02	 1.125699e+02	-1.850276e+01	-3.271606e+01	-1.590266e+01	-3.856543e+00	 3.189221e+00	-9.904000e+00	-1.495767e+01	-1.039236e-03	-1.961733e-03	-8.040629e-04	-2.035128e-03	-1.116614e-03	 1.168140e-02	 7.584425e-03	-7.718632e-04	-1.324169e-02	 8.386575e-03	 3.916186e-04	 3.349783e-02	 5.994769e-03	 4.897613e-03	 4.602375e-03	-5.034069e-02	-1.742304e+00	-1.482035e-02	 7.582874e-03	-7.587082e-03	-5.875618e+08	0.000000e+00	0.000000e+00	0.000000e+00	 6.072133e-01	 1.792573e-01	-1.152877e-03	
-3.874261e-04	-3.422096e-03	 2.259274e-04	-9.279484e-03	-8.728141e-03	-3.276901e-03	 1.076220e-01	-3.673194e-13	-1.571973e-02	 1.540656e+00	 1.232303e+00	-7.779638e+00	 1.125699e+02	 9.091464e+01	 6.688989e+01	 3.205170e+01	-1.344918e+01	-8.050591e-02	-9.394373e-01	 2.919105e+00	 2.743933e+00	 1.417180e-04	-1.232990e-04	 4.498760e-04	 2.961282e-05	 1.623849e-03	-2.359896e-04	 1.916796e-04	-3.312517e-04	-8.108319e-04	-6.278448e-04	 8.532905e-03	 4.130957e-02	-4.520755e-05	 7.686305e-04	 1.148290e-03	-4.232562e-02	-1.430259e+00	-1.098626e-02	 4.451815e-03	-4.455273e-03	-1.033559e+09	0.000000e+00	0.000000e+00	0.000000e+00	 5.591657e-01	 1.759994e-01	-1.408002e-03	
-1.661493e-04	-3.524059e-04	 5.342000e-05	-8.169243e-04	 7.705093e-04	-2.386905e-03	 7.468095e-02	 7.039339e-13	 2.217470e-02	-2.266019e+01	 2.364818e+00	 1.894313e+00	-1.850276e+01	 6.688989e+01	 1.140542e+02	 7.039043e+01	-1.119895e+01	-3.150755e-01	-2.829243e-01	 2.909344e+00	 3.420694e+00	 5.510374e-04	 3.967573e-04	-2.623615e-04	 4.366442e-04	 2.687662e-03	 3.120929e-03	-1.199832e-03	-1.447572e-03	 4.189283e-03	-1.216261e-04	 1.105811e-02	 3.298259e-02	 5.652384e-04	-2.059265e-03	 7.257553e-04	-8.382860e-03	-2.861642e-01	 4.447086e-04	 1.375058e-03	-1.375744e-03	-6.658106e+08	0.000000e+00	0.000000e+00	0.000000e+00	 4.811275e-02	 2.510032e-02	-4.893134e-04	
-8.207901e-05	 6.978631e-04	 7.626483e-06	 5.438327e-03	 3.949314e-03	-1.459930e-03	 6.438279e-02	 1.049810e-12	-2.540165e-02	-5.940737e+01	 1.009626e+00	 2.240300e+00	-3.271606e+01	 3.205170e+01	 7.039043e+01	 1.202303e+02	-9.931907e+00	-1.179709e-01	-2.284123e-01	-2.150747e+00	 1.323170e+01	 5.652325e-04	 3.943863e-04	-2.509273e-04	 4.353623e-04	 1.095837e-04	 6.914584e-03	-3.704888e-04	-2.002668e-03	-1.397736e-03	 1.856801e-03	 1.392086e-02	 2.336293e-02	 5.276177e-04	-7.100503e-03	 1.365833e-03	 3.159409e-03	 1.048679e-01	 5.708951e-03	 3.334788e-04	-3.332133e-04	-5.157726e+08	0.000000e+00	0.000000e+00	0.000000e+00	-1.260030e-01	-2.659198e-02	-1.633722e-04	
-2.239013e-05	-1.535920e-04	 2.206210e-06	-4.313593e-03	-2.972997e-03	-1.193436e-03	-1.157502e-02	-2.736108e-13	-2.380248e-02	-1.941449e+00	 5.478189e-02	 7.265488e-02	-1.590266e+01	-1.344918e+01	-1.119895e+01	-9.931907e+00	 7.743210e+00	-3.949749e-02	-9.062794e-02	-4.307792e-01	-1.213596e-01	-3.159477e-04	-3.489494e-04	-4.604069e-04	-3.900700e-04	 1.176085e-06	 2.500052e-03	-4.227993e-04	-4.372167e-05	 1.587321e-04	-5.537785e-04	-2.263669e-03	-6.109434e-03	 1.006451e-05	-2.193116e-04	-8.804463e-05	-4.464638e-03	-1.606176e-01	-2.886899e-03	 1.014258e-03	-1.014649e-03	 8.385472e+07	0.000000e+00	0.000000e+00	0.000000e+00	 4.843194e-02	 1.152061e-02	-2.081910e-06	
 6.254222e-06	 1.058915e-04	-7.221110e-06	-1.017556e-04	 5.588734e-04	-6.907283e-05	-3.604243e-03	-5.242868e-15	-1.181856e-03	-3.286724e-02	-2.396023e-03	-1.324381e-01	-3.856543e+00	-8.050591e-02	-3.150755e-01	-1.179709e-01	-3.949749e-02	 3.496213e+00	 4.468788e-01	 1.493821e-01	 2.350864e-01	 4.779911e-05	 4.208214e-05	-5.967327e-05	 3.137996e-05	-4.979101e-04	 2.726089e-04	-1.927873e-04	 1.394828e-04	 9.790632e-04	-3.794514e-04	 6.720857e-06	 7.025171e-04	 2.966452e-04	 1.465867e-06	 1.589350e-06	 8.557760e-04	 2.860306e-02	 3.265359e-04	-1.494195e-05	 1.501166e-05	 2.814798e+07	0.000000e+00	0.000000e+00	0.000000e+00	-1.405943e-02	-4.813471e-03	 4.561250e-05	
 6.381926e-06	 2.014004e-04	-1.072229e-05	-4.908629e-04	 1.815348e-04	-1.903564e-04	-6.199088e-03	 5.497908e-15	 6.131948e-03	-3.778071e-02	 1.130056e-02	 1.098546e-03	 3.189221e+00	-9.394373e-01	-2.829243e-01	-2.284123e-01	-9.062794e-02	 4.468788e-01	 3.352650e+00	 2.529861e+00	 1.751433e+00	-9.863267e-06	-5.163257e-05	 3.677776e-04	-5.864486e-05	 5.575524e-05	-2.803462e-04	 3.820801e-04	-7.046120e-04	-1.594289e-06	-4.392373e-04	 3.172335e-04	 1.908277e-03	-2.852446e-04	-2.156390e-04	-5.796275e-05	 1.270337e-03	 3.909455e-02	 2.408437e-04	 8.940745e-05	-8.931276e-05	 5.355602e+07	0.000000e+00	0.000000e+00	0.000000e+00	-2.517396e-02	-8.475576e-03	 7.519651e-05	
-1.896079e-05	-1.445657e-04	 1.651436e-06	-2.752890e-03	-1.257116e-03	-8.250145e-04	 2.283346e-04	-7.087693e-14	 2.892451e-03	-2.419660e+00	 1.393515e-01	 1.728466e+00	-9.904000e+00	 2.919105e+00	 2.909344e+00	-2.150747e+00	-4.307792e-01	 1.493821e-01	 2.529861e+00	 1.671931e+01	 2.536565e+01	 5.784858e-06	-1.600970e-04	 7.946212e-04	-1.469811e-04	 2.399037e-04	-2.467042e-03	-4.461606e-05	-4.347185e-04	 3.696412e-05	 1.849386e-04	-3.914724e-04	 7.531104e-03	-1.725562e-05	 2.524948e-03	-1.204105e-04	-2.305197e-03	-8.048430e-02	-1.742794e-03	 3.570552e-04	-3.572493e-04	 4.896379e+05	0.000000e+00	0.000000e+00	0.000000e+00	 2.881236e-02	 8.134122e-03	-4.373693e-05	
-4.558832e-06	 1.123336e-04	-1.203267e-05	-1.293567e-03	-2.606626e-04	-1.321343e-03	 2.660647e-03	 8.853525e-14	-2.140067e-02	-1.865340e+01	 1.451198e-01	 1.640216e+00	-1.495767e+01	 2.743933e+00	 3.420694e+00	 1.323170e+01	-1.213596e-01	 2.350864e-01	 1.751433e+00	 2.536565e+01	 5.411423e+01	 1.331064e-04	-1.200257e-04	 4.866219e-04	 3.873988e-05	-1.629633e-04	-3.401793e-03	-8.867260e-04	-6.382744e-04	-1.155414e-03	 3.577968e-03	-1.995667e-03	 4.364331e-03	 8.710532e-05	 4.546023e-03	 6.002186e-04	 3.651550e-04	 1.010955e-02	-3.691272e-04	 1.378113e-04	-1.377831e-04	-2.286927e+06	0.000000e+00	0.000000e+00	0.000000e+00	-1.691405e-02	-4.358420e-03	 4.386510e-06	
-1.466323e-08	-1.475020e-06	 7.144001e-08	 5.114394e-06	 8.221446e-07	 3.701142e-06	 2.137440e-05	-1.603849e-16	-3.668198e-06	-1.175132e-04	 1.689518e-05	 5.342672e-06	-1.039236e-03	 1.417180e-04	 5.510374e-04	 5.652325e-04	-3.159477e-04	 4.779911e-05	-9.863267e-06	 5.784858e-06	 1.331064e-04	 3.190352e-05	 8.623818e-06	 5.147983e-07	 3.182153e-06	 1.926935e-06	-1.446538e-07	-1.155327e-06	-3.502791e-07	 1.531388e-06	 1.985863e-07	-1.401030e-06	-3.686046e-06	-2.335362e-08	-2.134444e-08	 8.317479e-07	-2.029915e-06	-3.190622e-05	-1.058741e-06	-2.752483e-06	 2.752407e-06	-2.020911e+05	0.000000e+00	0.000000e+00	0.000000e+00	 1.743318e-04	 5.226840e-05	-3.088827e-07	
-5.926820e-09	-1.496267e-06	 6.310232e-08	 4.821945e-06	 1.078882e-06	 3.821749e-06	 2.085039e-05	-1.533760e-16	 4.082296e-06	-1.406754e-04	 1.305410e-05	 2.169442e-05	-1.961733e-03	-1.232990e-04	 3.967573e-04	 3.943863e-04	-3.489494e-04	 4.208214e-05	-5.163257e-05	-1.600970e-04	-1.200257e-04	 8.623818e-06	 2.461314e-05	-1.342151e-07	 1.228629e-05	 1.338046e-06	 4.456715e-07	-5.492566e-08	-1.121622e-06	 9.569270e-07	-2.089062e-06	-1.497171e-06	-4.071301e-06	-4.213622e-08	-2.368557e-08	 6.137550e-07	-2.003645e-06	-2.141374e-05	-1.220251e-06	-2.868293e-06	 2.868242e-06	-1.820015e+05	0.000000e+00	0.000000e+00	0.000000e+00	 1.731282e-04	 5.252470e-05	-3.216011e-07	
 4.720741e-09	 7.269064e-08	 2.957870e-09	-4.342497e-06	-4.451683e-07	-1.805069e-06	-1.492799e-05	 3.619268e-17	 1.046170e-04	 6.697379e-04	-3.178577e-05	 1.935196e-04	-8.040629e-04	 4.498760e-04	-2.623615e-04	-2.509273e-04	-4.604069e-04	-5.967327e-05	 3.677776e-04	 7.946212e-04	 4.866219e-04	 5.147983e-07	-1.342151e-07	 1.059046e-03	 2.097561e-07	 1.113923e-05	 3.231903e-05	-5.178546e-06	-1.515189e-06	-2.481214e-05	-5.585335e-06	-1.136419e-05	-5.093964e-05	 2.714596e-08	 1.745952e-09	-3.484135e-07	-3.833792e-07	-9.071018e-06	-1.714341e-06	 2.288588e-07	-2.288887e-07	-2.349341e+04	0.000000e+00	0.000000e+00	0.000000e+00	-1.404037e-05	-2.452681e-06	-2.864312e-08	
-1.267653e-08	-1.757266e-06	 7.667775e-08	 5.664105e-06	 1.114423e-06	 3.845204e-06	 2.547050e-05	-2.199992e-16	-1.364535e-05	-2.272399e-05	 1.485292e-05	-4.457032e-07	-2.035128e-03	 2.961282e-05	 4.366442e-04	 4.353623e-04	-3.900700e-04	 3.137996e-05	-5.864486e-05	-1.469811e-04	 3.873988e-05	 3.182153e-06	 1.228629e-05	 2.097561e-07	 4.750332e-05	 2.350681e-06	-4.047188e-07	-1.736660e-07	-1.919687e-06	 2.118910e-06	-3.938027e-06	-2.366419e-06	 1.920774e-06	-5.100775e-08	-6.268462e-09	 1.311331e-06	-3.043943e-06	-5.021216e-05	-1.409657e-06	-3.165646e-06	 3.165523e-06	-2.190555e+05	0.000000e+00	0.000000e+00	0.000000e+00	 2.087214e-04	 6.269267e-05	-3.708204e-07	
-1.167104e-07	-3.246711e-06	 7.206048e-08	 1.270356e-07	-4.555902e-06	 4.568901e-06	 8.692262e-05	-2.268345e-17	 1.910080e-04	 5.881141e-04	 7.204435e-05	 1.052081e-05	-1.116614e-03	 1.623849e-03	 2.687662e-03	 1.095837e-04	 1.176085e-06	-4.979101e-04	 5.575524e-05	 2.399037e-04	-1.629633e-04	 1.926935e-06	 1.338046e-06	 1.113923e-05	 2.350681e-06	 2.165673e-03	 1.151903e-04	 2.762491e-06	 1.711545e-06	-1.457657e-05	 8.951383e-06	 8.893748e-06	-3.547584e-05	-1.536589e-07	 1.739935e-07	-4.196317e-08	-1.922816e-05	-5.704912e-04	-7.819045e-06	-1.961890e-06	 1.960530e-06	-9.035811e+05	0.000000e+00	0.000000e+00	0.000000e+00	 3.946998e-04	 1.335237e-04	-1.212009e-06	
-4.738712e-07	-8.315329e-06	 7.858474e-08	-1.885854e-05	-1.845865e-05	-4.246240e-07	 2.866518e-04	 2.808493e-16	 5.394468e-04	-3.475196e-03	 1.176726e-04	-7.436903e-04	 1.168140e-02	-2.359896e-04	 3.120929e-03	 6.914584e-03	 2.500052e-03	 2.726089e-04	-2.803462e-04	-2.467042e-03	-3.401793e-03	-1.446538e-07	 4.456715e-07	 3.231903e-05	-4.047188e-07	 1.151903e-04	 1.688064e-02	-1.273049e-05	-8.212038e-06	 1.915997e-05	 3.954551e-07	-4.089942e-05	 3.619614e-05	 5.753365e-07	-6.153131e-07	 2.095162e-06	-7.278884e-05	-2.309674e-03	-2.842624e-05	 1.833753e-06	-1.839331e-06	-2.277040e+06	0.000000e+00	0.000000e+00	0.000000e+00	 1.078149e-03	 3.759408e-04	-3.723563e-06	
 2.950209e-08	 1.826904e-06	-1.069464e-07	 1.504830e-06	 1.493709e-06	-1.150149e-06	-3.985070e-05	 4.781863e-16	 1.396465e-04	 6.247543e-04	-4.879756e-05	-2.914254e-05	 7.584425e-03	 1.916796e-04	-1.199832e-03	-3.704888e-04	-4.227993e-04	-1.927873e-04	 3.820801e-04	-4.461606e-05	-8.867260e-04	-1.155327e-06	-5.492566e-08	-5.178546e-06	-1.736660e-07	 2.762491e-06	-1.273049e-05	 1.426801e-03	 2.991853e-04	 9.192720e-05	-3.836264e-04	-1.003815e-04	-1.388406e-04	 3.117395e-08	-2.546915e-07	-1.570561e-07	 1.105001e-05	 3.248122e-04	 4.886067e-06	 1.073028e-06	-1.072265e-06	 2.869604e+05	0.000000e+00	0.000000e+00	0.000000e+00	-2.490032e-04	-7.590508e-05	 4.822618e-07	
-6.786748e-09	 1.790305e-06	-1.054489e-07	-1.692897e-06	 1.117010e-06	-2.047340e-06	-1.148517e-05	 4.753413e-16	-1.150970e-04	 1.441589e-03	-4.150423e-05	 1.487292e-05	-7.718632e-04	-3.312517e-04	-1.447572e-03	-2.002668e-03	-4.372167e-05	 1.394828e-04	-7.046120e-04	-4.347185e-04	-6.382744e-04	-3.502791e-07	-1.121622e-06	-1.515189e-06	-1.919687e-06	 1.711545e-06	-8.212038e-06	 2.991853e-04	 8.475571e-04	 3.836689e-05	 7.374725e-04	 3.138947e-05	-6.459255e-04	-1.461931e-07	 2.672692e-07	-5.113425e-07	 6.548486e-06	 1.638469e-04	 3.630736e-06	 2.227112e-06	-2.226713e-06	 1.906917e+05	0.000000e+00	0.000000e+00	0.000000e+00	-2.247199e-04	-6.725339e-05	 3.839604e-07	
-3.076237e-07	-2.299216e-06	 1.779403e-07	 3.346583e-06	-4.468192e-06	 5.290054e-06	 1.040848e-04	 1.542376e-16	 2.278084e-04	 1.836693e-03	 4.768242e-05	 1.471712e-03	-1.324169e-02	-8.108319e-04	 4.189283e-03	-1.397736e-03	 1.587321e-04	 9.790632e-04	-1.594289e-06	 3.696412e-05	-1.155414e-03	 1.531388e-06	 9.569270e-07	-2.481214e-05	 2.118910e-06	-1.457657e-05	 1.915997e-05	 9.192720e-05	 3.836689e-05	 7.097457e-03	-3.038862e-04	 7.147227e-04	 4.494484e-03	 1.690876e-08	 4.759605e-08	-5.251807e-07	-1.963564e-05	-6.201820e-04	-3.265211e-06	 1.283205e-08	-1.438092e-08	-9.132671e+05	0.000000e+00	0.000000e+00	0.000000e+00	 3.541863e-04	 1.084035e-04	-8.166393e-07	
-1.831940e-08	 6.294407e-06	-3.968102e-07	-1.564271e-05	 4.840948e-06	-1.433092e-05	-7.288899e-05	 1.197090e-15	-3.553847e-04	-9.734886e-04	-3.421625e-05	-1.549724e-04	 8.386575e-03	-6.278448e-04	-1.216261e-04	 1.856801e-03	-5.537785e-04	-3.794514e-04	-4.392373e-04	 1.849386e-04	 3.577968e-03	 1.985863e-07	-2.089062e-06	-5.585335e-06	-3.938027e-06	 8.951383e-06	 3.954551e-07	-3.836264e-04	 7.374725e-04	-3.038862e-04	 2.907879e-03	 4.803691e-04	-8.438176e-04	 1.122597e-07	 9.663141e-07	-5.416473e-07	 1.945717e-05	 4.839651e-04	 9.118852e-06	 8.539570e-06	-8.538365e-06	 8.516289e+05	0.000000e+00	0.000000e+00	0.000000e+00	-7.527047e-04	-2.336951e-04	 1.545493e-06	
-6.488482e-07	 4.957819e-06	-2.786330e-07	-2.077310e-05	-3.721970e-06	-1.462344e-05	 1.262174e-04	 2.685163e-15	-3.035600e-05	-4.648116e-03	 1.251568e-04	 2.048406e-05	 3.916186e-04	 8.532905e-03	 1.105811e-02	 1.392086e-02	-2.263669e-03	 6.720857e-06	 3.172335e-04	-3.914724e-04	-1.995667e-03	-1.401030e-06	-1.497171e-06	-1.136419e-05	-2.366419e-06	 8.893748e-06	-4.089942e-05	-1.003815e-04	 3.138947e-05	 7.147227e-04	 4.803691e-04	 6.443116e-03	 7.690152e-03	-1.072461e-07	-1.261734e-06	-6.440953e-07	-1.137352e-05	-6.114408e-04	 5.503945e-06	 1.386856e-05	-1.387009e-05	-7.040079e+05	0.000000e+00	0.000000e+00	0.000000e+00	-4.776049e-04	-1.346555e-04	 2.843234e-07	
-3.419221e-06	 1.826034e-05	-1.003482e-06	-1.492960e-04	-4.032787e-05	-1.017481e-04	 7.094941e-04	 1.042852e-14	 9.011011e-04	 2.095614e-03	 2.367869e-04	-8.124666e-04	 3.349783e-02	 4.130957e-02	 3.298259e-02	 2.336293e-02	-6.109434e-03	 7.025171e-04	 1.908277e-03	 7.531104e-03	 4.364331e-03	-3.686046e-06	-4.071301e-06	-5.093964e-05	 1.920774e-06	-3.547584e-05	 3.619614e-05	-1.388406e-04	-6.459255e-04	 4.494484e-03	-8.438176e-04	 7.690152e-03	 6.501191e-02	-4.598058e-08	-2.904598e-06	 9.752135e-06	-1.456259e-04	-5.945986e-03	-8.743346e-06	 8.080421e-05	-8.081877e-05	-4.142274e+06	0.000000e+00	0.000000e+00	0.000000e+00	-1.355617e-03	-3.483884e-04	-9.690267e-07	
 4.353020e-09	-5.555724e-08	 2.391827e-09	 2.435013e-08	-1.800800e-07	-5.696742e-08	-1.306665e-07	-3.000803e-17	-8.997124e-06	-3.045575e-04	 9.684960e-06	 1.522916e-04	 5.994769e-03	-4.520755e-05	 5.652384e-04	 5.276177e-04	 1.006451e-05	 2.966452e-04	-2.852446e-04	-1.725562e-05	 8.710532e-05	-2.335362e-08	-4.213622e-08	 2.714596e-08	-5.100775e-08	-1.536589e-07	 5.753365e-07	 3.117395e-08	-1.461931e-07	 1.690876e-08	 1.122597e-07	-1.072461e-07	-4.598058e-08	 5.971650e-07	-2.297528e-09	 2.358295e-08	-2.447066e-07	-7.040419e-06	-1.887800e-07	-4.439988e-08	 4.438320e-08	 4.339305e+03	0.000000e+00	0.000000e+00	0.000000e+00	 6.870223e-06	 2.076762e-06	-1.058259e-08	
-1.164886e-08	-1.329180e-07	 7.006222e-09	-7.574662e-07	-4.598354e-07	-2.204149e-07	 1.524532e-06	-3.555099e-17	 5.269234e-06	 4.387347e-03	-2.357908e-05	-3.613111e-04	 4.897613e-03	 7.686305e-04	-2.059265e-03	-7.100503e-03	-2.193116e-04	 1.465867e-06	-2.156390e-04	 2.524948e-03	 4.546023e-03	-2.134444e-08	-2.368557e-08	 1.745952e-09	-6.268462e-09	 1.739935e-07	-6.153131e-07	-2.546915e-07	 2.672692e-07	 4.759605e-08	 9.663141e-07	-1.261734e-06	-2.904598e-06	-2.297528e-09	 2.093548e-06	-2.935180e-09	-1.488716e-06	-5.073324e-05	-6.649076e-07	 1.413780e-07	-1.415008e-07	-2.131847e+04	0.000000e+00	0.000000e+00	0.000000e+00	 2.190662e-05	 6.593236e-06	-4.431875e-08	
-1.282647e-08	-9.545924e-07	 5.114725e-08	 6.007498e-06	-4.934259e-07	-2.291581e-06	 1.994141e-05	-1.768141e-16	-1.648916e-05	 9.154481e-04	 3.971629e-06	-6.832946e-05	 4.602375e-03	 1.148290e-03	 7.257553e-04	 1.365833e-03	-8.804463e-05	 1.589350e-06	-5.796275e-05	-1.204105e-04	 6.002186e-04	 8.317479e-07	 6.137550e-07	-3.484135e-07	 1.311331e-06	-4.196317e-08	 2.095162e-06	-1.570561e-07	-5.113425e-07	-5.251807e-07	-5.416473e-07	-6.440953e-07	 9.752135e-06	 2.358295e-08	-2.935180e-09	 6.326285e-06	-3.916640e-06	-1.091903e-04	 2.862337e-07	-1.040588e-06	 1.040330e-06	-1.271351e+05	0.000000e+00	0.000000e+00	0.000000e+00	 1.227802e-04	 3.691444e-05	-2.228970e-07	
 4.742737e-06	 7.230926e-05	-3.147246e-06	 1.631720e-04	 1.585063e-04	 1.586694e-06	-1.328949e-03	 1.993817e-14	 7.072353e-04	-1.791130e-02	 4.046231e-04	 3.790809e-03	-5.034069e-02	-4.232562e-02	-8.382860e-03	 3.159409e-03	-4.464638e-03	 8.557760e-04	 1.270337e-03	-2.305197e-03	 3.651550e-04	-2.029915e-06	-2.003645e-06	-3.833792e-07	-3.043943e-06	-1.922816e-05	-7.278884e-05	 1.105001e-05	 6.548486e-06	-1.963564e-05	 1.945717e-05	-1.137352e-05	-1.456259e-04	-2.447066e-07	-1.488716e-06	-3.916640e-06	 8.387676e-04	 2.774101e-02	 2.295057e-04	-7.991733e-05	 7.998448e-05	 1.436641e+07	0.000000e+00	0.000000e+00	0.000000e+00	-1.143981e-02	-3.569584e-03	 2.640941e-05	
 1.616778e-04	 2.215440e-03	-9.394410e-05	 6.205615e-03	 5.378396e-03	 6.369561e-04	-4.247263e-02	 6.387963e-13	 2.127399e-02	-6.042177e-01	 1.389941e-02	 1.271521e-01	-1.742304e+00	-1.430259e+00	-2.861642e-01	 1.048679e-01	-1.606176e-01	 2.860306e-02	 3.909455e-02	-8.048430e-02	 1.010955e-02	-3.190622e-05	-2.141374e-05	-9.071018e-06	-5.021216e-05	-5.704912e-04	-2.309674e-03	 3.248122e-04	 1.638469e-04	-6.201820e-04	 4.839651e-04	-6.114408e-04	-5.945986e-03	-7.040419e-06	-5.073324e-05	-1.091903e-04	 2.774101e-02	 9.448585e-01	 7.481644e-03	-3.223345e-03	 3.225632e-03	 4.621657e+08	0.000000e+00	0.000000e+00	0.000000e+00	-3.605189e-01	-1.130250e-01	 8.546555e-04	
 1.301653e-06	 2.823191e-05	-9.946491e-07	 1.705803e-04	 5.204450e-05	 5.291849e-05	-5.224252e-04	 5.990836e-15	 4.076570e-04	-7.175185e-03	 1.908867e-04	 6.998564e-04	-1.482035e-02	-1.098626e-02	 4.447086e-04	 5.708951e-03	-2.886899e-03	 3.265359e-04	 2.408437e-04	-1.742794e-03	-3.691272e-04	-1.058741e-06	-1.220251e-06	-1.714341e-06	-1.409657e-06	-7.819045e-06	-2.842624e-05	 4.886067e-06	 3.630736e-06	-3.265211e-06	 9.118852e-06	 5.503945e-06	-8.743346e-06	-1.887800e-07	-6.649076e-07	 2.862337e-07	 2.295057e-04	 7.481644e-03	 1.397385e-04	-3.774764e-06	 3.792860e-06	 5.143449e+06	0.000000e+00	0.000000e+00	0.000000e+00	-4.053788e-03	-1.263340e-03	 9.129100e-06	
-5.576999e-07	 8.563861e-06	-5.480405e-07	-6.367470e-05	-1.690498e-05	-4.044737e-05	-2.706192e-05	 4.256556e-16	 1.599503e-04	 1.549713e-03	-5.502137e-05	-2.884752e-04	 7.582874e-03	 4.451815e-03	 1.375058e-03	 3.334788e-04	 1.014258e-03	-1.494195e-05	 8.940745e-05	 3.570552e-04	 1.378113e-04	-2.752483e-06	-2.868293e-06	 2.288588e-07	-3.165646e-06	-1.961890e-06	 1.833753e-06	 1.073028e-06	 2.227112e-06	 1.283205e-08	 8.539570e-06	 1.386856e-05	 8.080421e-05	-4.439988e-08	 1.413780e-07	-1.040588e-06	-7.991733e-05	-3.223345e-03	-3.774764e-06	 4.371586e-05	-4.372366e-05	 2.218962e+05	0.000000e+00	0.000000e+00	0.000000e+00	-6.639420e-04	-1.710550e-04	 1.530216e-08	
 5.580908e-07	-8.558499e-06	 5.478140e-07	 6.368969e-05	 1.691799e-05	 4.044889e-05	 2.695770e-05	-4.241095e-16	-1.598992e-04	-1.551179e-03	 5.505507e-05	 2.887824e-04	-7.587082e-03	-4.455273e-03	-1.375744e-03	-3.332133e-04	-1.014649e-03	 1.501166e-05	-8.931276e-05	-3.572493e-04	-1.377831e-04	 2.752407e-06	 2.868242e-06	-2.288887e-07	 3.165523e-06	 1.960530e-06	-1.839331e-06	-1.072265e-06	-2.226713e-06	-1.438092e-08	-8.538365e-06	-1.387009e-05	-8.081877e-05	 4.438320e-08	-1.415008e-07	 1.040330e-06	 7.998448e-05	 3.225632e-03	 3.792860e-06	-4.372366e-05	 4.373147e-05	-2.207806e+05	0.000000e+00	0.000000e+00	0.000000e+00	 6.630691e-04	 1.707813e-04	-1.323381e-08	
 1.314539e+05	 1.918585e+06	-1.097427e+05	 1.668554e+06	 3.724891e+06	-1.233022e+06	-5.843949e+07	 8.735987e-05	 3.216430e+07	-1.637131e+08	 5.657228e+05	 6.570284e+07	-5.875618e+08	-1.033559e+09	-6.658106e+08	-5.157726e+08	 8.385472e+07	 2.814798e+07	 5.355602e+07	 4.896379e+05	-2.286927e+06	-2.020911e+05	-1.820015e+05	-2.349341e+04	-2.190555e+05	-9.035811e+05	-2.277040e+06	 2.869604e+05	 1.906917e+05	-9.132671e+05	 8.516289e+05	-7.040079e+05	-4.142274e+06	 4.339305e+03	-2.131847e+04	-1.271351e+05	 1.436641e+07	 4.621657e+08	 5.143449e+06	 2.218962e+05	-2.207806e+05	 6.231946e+17	0.000000e+00	0.000000e+00	0.000000e+00	-2.641126e+08	-8.491486e+07	 6.959803e+05	
0.000000e+00	0.000000e+00	0.000000e+00	0.000000e+00	0.000000e+00	0.000000e+00	0.000000e+00	0.000000e+00	0.000000e+00	0.000000e+00	0.000000e+00	0.000000e+00	0.000000e+00	0.000000e+00	0.000000e+00	0.000000e+00	0.000000e+00	0.000000e+00	0.000000e+00	0.000000e+00	0.000000e+00	0.000000e+00	0.000000e+00	0.000000e+00	0.000000e+00	0.000000e+00	0.000000e+00	0.000000e+00	0.000000e+00	0.000000e+00	0.000000e+00	0.000000e+00	0.000000e+00	0.000000e+00	0.000000e+00	0.000000e+00	0.000000e+00	0.000000e+00	0.000000e+00	0.000000e+00	0.000000e+00	0.000000e+00	0.000000e+00	0.000000e+00	0.000000e+00	0.000000e+00	0.000000e+00	0.000000e+00	
0.000000e+00	0.000000e+00	0.000000e+00	0.000000e+00	0.000000e+00	0.000000e+00	0.000000e+00	0.000000e+00	0.000000e+00	0.000000e+00	0.000000e+00	0.000000e+00	0.000000e+00	0.000000e+00	0.000000e+00	0.000000e+00	0.000000e+00	0.000000e+00	0.000000e+00	0.000000e+00	0.000000e+00	0.000000e+00	0.000000e+00	0.000000e+00	0.000000e+00	0.000000e+00	0.000000e+00	0.000000e+00	0.000000e+00	0.000000e+00	0.000000e+00	0.000000e+00	0.000000e+00	0.000000e+00	0.000000e+00	0.000000e+00	0.000000e+00	0.000000e+00	0.000000e+00	0.000000e+00	0.000000e+00	0.000000e+00	0.000000e+00	0.000000e+00	0.000000e+00	0.000000e+00	0.000000e+00	0.000000e+00	
0.000000e+00	0.000000e+00	0.000000e+00	0.000000e+00	0.000000e+00	0.000000e+00	0.000000e+00	0.000000e+00	0.000000e+00	0.000000e+00	0.000000e+00	0.000000e+00	0.000000e+00	0.000000e+00	0.000000e+00	0.000000e+00	0.000000e+00	0.000000e+00	0.000000e+00	0.000000e+00	0.000000e+00	0.000000e+00	0.000000e+00	0.000000e+00	0.000000e+00	0.000000e+00	0.000000e+00	0.000000e+00	0.000000e+00	0.000000e+00	0.000000e+00	0.000000e+00	0.000000e+00	0.000000e+00	0.000000e+00	0.000000e+00	0.000000e+00	0.000000e+00	0.000000e+00	0.000000e+00	0.000000e+00	0.000000e+00	0.000000e+00	0.000000e+00	0.000000e+00	0.000000e+00	0.000000e+00	0.000000e+00	
-5.909366e-05	-1.781030e-03	 8.750470e-05	 2.019199e-04	-2.038178e-03	 2.029989e-03	 2.374304e-02	-4.318969e-13	-2.156302e-02	 2.800492e-01	-5.575498e-03	-5.749938e-02	 6.072133e-01	 5.591657e-01	 4.811275e-02	-1.260030e-01	 4.843194e-02	-1.405943e-02	-2.517396e-02	 2.881236e-02	-1.691405e-02	 1.743318e-04	 1.731282e-04	-1.404037e-05	 2.087214e-04	 3.946998e-04	 1.078149e-03	-2.490032e-04	-2.247199e-04	 3.541863e-04	-7.527047e-04	-4.776049e-04	-1.355617e-03	 6.870223e-06	 2.190662e-05	 1.227802e-04	-1.143981e-02	-3.605189e-01	-4.053788e-03	-6.639420e-04	 6.630691e-04	-2.641126e+08	0.000000e+00	0.000000e+00	0.000000e+00	 2.494447e-01	 7.542765e-02	-4.801713e-04	
-1.885463e-05	-5.397545e-04	 2.600550e-05	-1.147892e-05	-6.641345e-04	 5.791175e-04	 7.965144e-03	-1.226180e-13	-6.511360e-03	 8.101062e-02	-1.535664e-03	-1.765142e-02	 1.792573e-01	 1.759994e-01	 2.510032e-02	-2.659198e-02	 1.152061e-02	-4.813471e-03	-8.475576e-03	 8.134122e-03	-4.358420e-03	 5.226840e-05	 5.252470e-05	-2.452681e-06	 6.269267e-05	 1.335237e-04	 3.759408e-04	-7.590508e-05	-6.725339e-05	 1.084035e-04	-2.336951e-04	-1.346555e-04	-3.483884e-04	 2.076762e-06	 6.593236e-06	 3.691444e-05	-3.569584e-03	-1.130250e-01	-1.263340e-03	-1.710550e-04	 1.707813e-04	-8.491486e+07	0.000000e+00	0.000000e+00	0.000000e+00	 7.542765e-02	 2.300587e-02	-1.517663e-04	
 1.616371e-07	 3.433019e-06	-1.521352e-07	 2.513750e-06	 5.699450e-06	-2.494760e-06	-7.307212e-05	 5.399981e-16	 4.013969e-05	-4.521436e-04	 6.859265e-06	 1.237555e-04	-1.152877e-03	-1.408002e-03	-4.893134e-04	-1.633722e-04	-2.081910e-06	 4.561250e-05	 7.519651e-05	-4.373693e-05	 4.386510e-06	-3.088827e-07	-3.216011e-07	-2.864312e-08	-3.708204e-07	-1.212009e-06	-3.723563e-06	 4.822618e-07	 3.839604e-07	-8.166393e-07	 1.545493e-06	 2.843234e-07	-9.690267e-07	-1.058259e-08	-4.431875e-08	-2.228970e-07	 2.640941e-05	 8.546555e-04	 9.129100e-06	 1.530216e-08	-1.323381e-08	 6.959803e+05	0.000000e+00	0.000000e+00	0.000000e+00	-4.801713e-04	-1.517663e-04	 1.149621e-06	
