#          omega_b,        omega_cdm,      100*theta_s,     ln10^{10}A_s,              n_s,         tau_reio,        log10_a_c,   Omega_many_fld, Theta_initial_fld,        A_cib_217,        xi_sz_cib,             A_sz,     ps_A_100_100,     ps_A_143_143,     ps_A_143_217,     ps_A_217_217,         ksz_norm,     gal545_A_100,     gal545_A_143, gal545_A_143_217,     gal545_A_217,    galf_EE_A_100, galf_EE_A_100_143, galf_EE_A_100_217,    galf_EE_A_143, galf_EE_A_143_217,    galf_EE_A_217,    galf_TE_A_100, galf_TE_A_100_143, galf_TE_A_100_217,    galf_TE_A_143, galf_TE_A_143_217,    galf_TE_A_217,       calib_100T,       calib_217T,         A_planck,                M,               H0,           rd_rec,           da_rec,      100*theta_d,           sigma8,          Omega_m,     Omega_Lambda,   Omega_axion_ac,      omega_axion,          m_axion,      alpha_axion
 4.593538e-08	 2.321342e-07	-1.941034e-08	 1.300743e-06	 9.821725e-07	 5.181394e-07	-1.164558e-05	 1.876170e-12	-2.039718e-06	-4.541276e-05	 1.135002e-08	 1.163422e-05	-1.989581e-04	-3.065380e-04	-2.387224e-04	-1.615636e-04	 8.293682e-06	-1.954643e-07	 5.625950e-06	-1.242586e-05	-1.533660e-05	 5.041717e-08	 6.103602e-08	-6.497122e-08	 4.293873e-08	-7.967472e-08	-1.213510e-07	 1.390362e-08	-9.980908e-08	-2.115215e-08	-1.935997e-07	-1.003432e-06	-3.621611e-06	 4.012894e-09	-9.593043e-09	 2.233529e-08	 3.972535e-06	 1.390112e-04	-4.602580e-05	-1.352897e-05	 9.326851e-08	 8.713161e-07	-6.183187e-07	 6.186436e-07	 5.664563e+05	-1.265907e-10	 1.466597e+04	 7.481102e-05	
 2.321342e-07	 1.658905e-05	-8.627178e-07	-3.389180e-06	 1.890081e-05	-1.353207e-05	-1.121466e-04	 3.131325e-10	 4.239521e-04	-1.294574e-03	 6.563866e-07	 2.801960e-04	 6.008748e-04	-3.771656e-03	-1.927489e-03	-5.627375e-04	 2.185750e-04	 5.411949e-05	 1.597393e-04	-1.558000e-04	 2.718778e-04	 1.182416e-07	 8.839253e-08	-2.140885e-06	-3.283886e-07	-3.559529e-06	-2.510096e-06	 3.787926e-06	 1.351168e-06	-1.597657e-06	 7.549080e-06	 8.881295e-07	 2.979842e-05	 7.582685e-08	-1.159591e-07	-1.492742e-07	 1.010106e-04	 3.186976e-03	-2.390736e-03	-6.770769e-04	 3.038689e-06	 2.827055e-05	 6.621456e-06	-6.614267e-06	 8.015881e+06	-3.419169e-08	 1.447897e+05	 3.939889e-04	
-1.941034e-08	-8.627178e-07	 1.521421e-07	 6.208591e-07	-8.060234e-07	 8.756710e-07	 3.144269e-06	-1.810195e-11	 4.879248e-05	 1.047194e-04	-3.503947e-06	-1.194804e-05	 5.880159e-05	 2.709015e-04	 9.620974e-05	 4.761049e-05	 1.081486e-05	 7.670945e-07	-9.054437e-06	 2.520165e-05	 1.000581e-05	-5.915176e-08	-5.001775e-08	-2.308170e-08	-1.065751e-08	 2.180527e-07	-5.064185e-07	-4.309099e-08	-8.225611e-08	 3.148653e-07	-5.321753e-07	 2.001540e-07	-6.390336e-07	-6.709315e-09	 8.634481e-09	-6.201992e-09	-4.783499e-06	-1.470814e-04	 1.305555e-04	 3.478193e-05	-1.002523e-07	-1.036570e-06	-5.162376e-07	 5.159096e-07	-2.258516e+05	 1.887552e-08	-5.329059e+04	-2.475553e-04	
 1.300743e-06	-3.389180e-06	 6.208591e-07	 4.524173e-04	 5.673331e-05	 2.329932e-04	-1.953225e-04	 9.504941e-11	 3.874742e-04	-7.265520e-03	 1.753482e-04	 9.422594e-04	-2.457120e-02	-1.390698e-02	-2.076793e-03	 4.842570e-03	-3.513319e-03	 1.610603e-04	-1.063045e-04	-3.710202e-03	-3.552831e-03	 4.206784e-06	 6.220757e-06	-1.143433e-05	 6.467790e-06	-3.971101e-06	-4.362350e-05	 1.267010e-05	 2.187978e-06	 6.047167e-06	-4.851275e-06	-1.904621e-05	-8.831861e-05	-8.277047e-08	-1.241253e-06	 2.869073e-06	 2.225080e-04	 8.333535e-03	-4.852593e-04	-2.003383e-04	 3.186925e-06	 1.779730e-04	-7.429009e-05	 7.430962e-05	 8.105893e+06	 5.806546e-08	-8.009909e+05	-1.733899e-03	
 9.821725e-07	 1.890081e-05	-8.060234e-07	 5.673331e-05	 5.962891e-05	 1.851739e-05	-4.160502e-04	 3.429617e-10	 1.856458e-03	-4.400296e-03	 1.136044e-04	 3.634525e-04	-1.196559e-02	-9.050982e-03	-2.090517e-03	 1.124229e-03	-1.683494e-03	 3.470687e-04	 2.388811e-04	-1.481589e-03	-9.512373e-04	 2.701578e-06	 3.256964e-06	-4.666070e-06	 2.907949e-06	-7.159974e-06	-1.643112e-05	 4.530800e-06	-2.181750e-06	-4.613795e-06	 4.484677e-06	-7.206081e-06	-1.600008e-05	-1.443716e-07	-5.656746e-07	 2.179817e-07	 2.199385e-04	 7.523065e-03	-3.038819e-03	-9.201386e-04	 6.049190e-06	 5.902806e-05	-2.375441e-05	 2.377178e-05	 2.202563e+07	 2.369440e-07	-5.357456e+05	-2.923116e-03	
 5.181394e-07	-1.353207e-05	 8.756710e-07	 2.329932e-04	 1.851739e-05	 1.355627e-04	-2.921104e-05	-1.752842e-10	-1.074780e-04	-2.960782e-03	 5.549550e-05	 4.490027e-04	-1.705243e-02	-6.710350e-03	-2.151080e-03	-5.123536e-04	-1.285767e-03	 2.095445e-04	 1.285615e-04	-1.396254e-03	-2.457388e-03	 1.662493e-06	 2.930358e-06	-4.302625e-06	 3.052250e-06	 1.643311e-06	-2.570880e-05	 4.291214e-06	-4.680339e-07	 3.499776e-06	-1.089535e-05	-1.141747e-05	-8.579462e-05	-2.023232e-07	-5.726987e-07	-4.271549e-06	 4.765321e-05	 2.205107e-03	 1.447223e-03	 3.727690e-04	-3.577175e-07	 7.072421e-05	-4.444428e-05	 4.444963e-05	-6.143291e+05	 3.642623e-08	-5.067825e+05	-1.085762e-03	
-1.164558e-05	-1.121466e-04	 3.144269e-06	-1.953225e-04	-4.160502e-04	-2.921104e-05	 1.007015e-02	 4.978467e-10	-2.700885e-02	-3.797546e-02	 1.635558e-03	 1.304542e-03	-4.910701e-02	 5.113712e-02	 1.054785e-01	 1.109659e-01	-2.814130e-02	-1.668335e-03	-5.470730e-03	-4.619369e-03	 6.755667e-03	-5.483224e-06	-4.284923e-06	 1.304329e-05	 1.307949e-05	 7.877854e-05	 1.121343e-04	-1.401026e-05	 4.139064e-05	-6.056496e-06	-1.637629e-05	 1.972906e-04	 7.426144e-04	-2.395696e-07	-7.502390e-07	-7.317421e-06	-1.160066e-03	-3.897906e-02	 1.544859e-02	 5.422148e-03	-5.666342e-05	-3.405773e-04	 8.045994e-05	-8.055361e-05	-3.720704e+08	-7.541511e-06	 5.528278e+04	 1.462655e-02	
 1.876170e-12	 3.131325e-10	-1.810195e-11	 9.504941e-11	 3.429617e-10	-1.752842e-10	 4.978467e-10	 7.474495e-15	 3.334550e-09	-5.505934e-08	 1.037049e-09	 8.006854e-09	-3.382203e-08	-7.769097e-08	 3.600442e-09	 4.361830e-08	-1.140062e-08	-4.343239e-10	 9.219976e-10	-9.734514e-09	 5.147413e-09	 9.131798e-12	 1.086795e-11	-5.348487e-11	 8.827454e-12	-3.614430e-11	-2.986193e-11	 8.393188e-11	 4.253382e-11	-4.397403e-11	 1.437881e-10	 7.910883e-11	 9.346203e-10	 1.327969e-12	-4.412862e-12	-1.514740e-13	 2.185664e-09	 7.050765e-08	-4.744392e-08	-1.312259e-08	 4.924100e-11	 5.571058e-10	 3.279801e-11	-3.263928e-11	 4.536731e+01	-2.635876e-12	 1.466748e+00	 6.686934e-09	
-2.039718e-06	 4.239521e-04	 4.879248e-05	 3.874742e-04	 1.856458e-03	-1.074780e-04	-2.700885e-02	 3.334550e-09	 5.239318e-01	 5.262203e-02	-3.152201e-03	 6.776279e-03	 1.558637e-01	-4.771069e-02	-8.155867e-02	-3.861747e-02	 9.495140e-02	 1.242678e-02	 8.392628e-03	-1.378628e-02	-1.775394e-02	-1.270066e-06	-4.486406e-06	 1.756883e-04	-6.209293e-05	-2.591791e-05	 4.905707e-05	 1.010400e-04	-1.364463e-04	 5.123608e-05	 7.720773e-04	 9.556264e-04	 4.925953e-03	 1.822333e-06	-3.926207e-06	 5.782503e-05	 5.705863e-03	 1.970408e-01	-5.171106e-02	-2.124020e-02	 2.682250e-04	 1.263415e-03	-8.162766e-04	 8.167420e-04	 1.240704e+09	 7.337003e-05	-1.652284e+08	-1.214759e+00	
-4.541276e-05	-1.294574e-03	 1.047194e-04	-7.265520e-03	-4.400296e-03	-2.960782e-03	-3.797546e-02	-5.505934e-08	 5.262203e-02	 4.388358e+01	-6.147683e-01	-1.568080e+00	 4.747451e+01	 1.928299e+00	-2.243352e+01	-5.852867e+01	-1.772702e+00	 3.533858e-02	-8.523405e-03	-1.750768e+00	-1.770677e+01	-3.319007e-04	-4.186618e-04	-6.443287e-04	-3.888180e-04	 2.706727e-04	 6.827830e-03	-4.878305e-03	 1.096249e-03	 3.207600e-03	 3.238228e-03	-2.076224e-03	-5.778858e-03	-2.702946e-04	 4.375085e-03	 9.765280e-04	-1.523556e-02	-5.171585e-01	 2.628316e-01	 6.370044e-02	-6.031305e-06	-5.402964e-03	 1.688832e-03	-1.690005e-03	 1.748869e+09	 2.351038e-05	 7.891197e+07	 1.172401e-01	
 1.135002e-08	 6.563866e-07	-3.503947e-06	 1.753482e-04	 1.136044e-04	 5.549550e-05	 1.635558e-03	 1.037049e-09	-3.152201e-03	-6.147683e-01	 7.974744e-02	-5.211382e-02	-9.280972e-01	 1.199129e+00	 2.358234e+00	 1.004436e+00	 5.004812e-02	-1.615379e-03	 9.946538e-03	 1.318713e-01	 1.346109e-01	 1.521848e-05	 2.132274e-05	-1.454681e-05	 2.378541e-05	 6.977071e-06	-4.237827e-04	 1.314897e-04	-5.057865e-05	-5.495850e-05	-4.639366e-05	 1.076376e-05	-1.396322e-04	 8.861062e-06	-2.594932e-05	 3.358431e-09	 1.552641e-04	 5.968757e-03	-2.303456e-03	-2.739645e-04	-9.083965e-06	 8.795436e-05	-4.819877e-05	 4.821191e-05	-8.981045e+07	-4.740282e-07	-1.311174e+07	-4.930779e-02	
 1.163422e-05	 2.801960e-04	-1.194804e-05	 9.422594e-04	 3.634525e-04	 4.490027e-04	 1.304542e-03	 8.006854e-09	 6.776279e-03	-1.568080e+00	-5.211382e-02	 3.129799e+00	-2.803472e+01	-7.717289e+00	 1.869444e+00	 2.127103e+00	 5.320587e-02	-1.578231e-01	 3.964244e-03	 1.711789e+00	 1.558511e+00	 7.435730e-06	 5.361514e-05	-3.373649e-04	 1.692909e-04	-4.286787e-04	 1.793892e-03	-4.062934e-04	-4.939427e-04	-6.591615e-04	-1.167760e-03	-2.026766e-04	 2.721630e-03	 1.376202e-04	-3.312537e-04	 5.189561e-05	 3.178200e-03	 1.088594e-01	-4.958878e-02	-1.351883e-02	 5.001734e-05	 7.405709e-04	-3.379978e-04	 3.382456e-04	-1.175360e+07	-3.023992e-06	-1.599474e+07	-3.807122e-02	
-1.989581e-04	 6.008748e-04	 5.880159e-05	-2.457120e-02	-1.196559e-02	-1.705243e-02	-4.910701e-02	-3.382203e-08	 1.558637e-01	 4.747451e+01	-9.280972e-01	-2.803472e+01	 8.145792e+02	 1.113580e+02	-2.215977e+01	-3.389581e+01	-1.555958e+01	-2.956139e+00	 3.582822e+00	-8.407724e+00	-1.340551e+01	-1.217376e-03	-1.694358e-03	 1.023150e-02	-2.381701e-03	 7.596068e-03	-3.377476e-03	 3.431253e-03	 7.896008e-03	 3.206934e-02	 2.747926e-02	 2.171095e-02	-5.189514e-02	 6.383714e-03	 4.702912e-03	 2.918147e-03	-2.029214e-02	-7.668272e-01	 1.002478e-01	 1.186438e-02	 3.052605e-04	-1.060067e-02	 7.288721e-03	-7.290519e-03	 5.025634e+09	 2.924090e-05	 3.183827e+08	 7.615372e-01	
-3.065380e-04	-3.771656e-03	 2.709015e-04	-1.390698e-02	-9.050982e-03	-6.710350e-03	 5.113712e-02	-7.769097e-08	-4.771069e-02	 1.928299e+00	 1.199129e+00	-7.717289e+00	 1.113580e+02	 9.000020e+01	 6.565496e+01	 3.032915e+01	-1.301392e+01	 5.766681e-02	-8.704276e-01	 3.042787e+00	 2.905748e+00	-7.517979e-04	-8.758268e-04	 1.242493e-03	-1.258414e-03	 3.599632e-03	-4.787188e-03	 3.273541e-03	 2.082982e-03	 3.963877e-03	 4.114509e-03	 8.896659e-03	 2.035532e-02	-2.002699e-05	 8.001273e-04	 4.938911e-04	-4.530768e-02	-1.536063e+00	 6.641197e-01	 1.866562e-01	-9.134216e-04	-1.138163e-02	 4.864142e-03	-4.867690e-03	-2.328635e+09	 3.170083e-05	-2.439725e+08	-1.140556e+00	
-2.387224e-04	-1.927489e-03	 9.620974e-05	-2.076793e-03	-2.090517e-03	-2.151080e-03	 1.054785e-01	 3.600442e-09	-8.155867e-02	-2.243352e+01	 2.358234e+00	 1.869444e+00	-2.215977e+01	 6.565496e+01	 1.125887e+02	 6.892085e+01	-1.107627e+01	-2.975508e-01	-3.155713e-01	 2.588715e+00	 3.259216e+00	-1.672190e-04	 7.787495e-05	-1.647103e-03	 2.150248e-04	 8.945631e-04	-8.226319e-03	 3.591233e-03	-8.697678e-04	-1.076528e-03	-5.347927e-04	 7.638455e-03	 2.802311e-02	 5.105231e-04	-1.953612e-03	 3.600951e-04	-2.139666e-02	-7.081747e-01	 2.803195e-01	 9.252622e-02	-8.688582e-04	-3.128753e-03	 1.704199e-03	-1.705867e-03	-5.088118e+09	-4.768179e-06	-4.813877e+08	-1.855218e+00	
-1.615636e-04	-5.627375e-04	 4.761049e-05	 4.842570e-03	 1.124229e-03	-5.123536e-04	 1.109659e-01	 4.361830e-08	-3.861747e-02	-5.852867e+01	 1.004436e+00	 2.127103e+00	-3.389581e+01	 3.032915e+01	 6.892085e+01	 1.177616e+02	-9.784925e+00	-2.102978e-01	-2.997530e-01	-3.107928e+00	 1.193156e+01	 1.956596e-04	 3.287921e-04	-7.385187e-04	 4.131914e-04	 9.602860e-04	-1.017889e-02	 6.471009e-03	 8.712042e-04	-8.647317e-03	 1.576662e-04	 9.163415e-03	 2.200920e-02	 5.030038e-04	-6.987842e-03	 8.311093e-04	-5.270463e-03	-1.691752e-01	 2.946410e-02	 2.566128e-02	-6.568877e-04	 1.908125e-03	 1.221696e-05	-1.263905e-05	-5.082594e+09	-2.038190e-05	-3.315785e+08	-1.152269e+00	
 8.293682e-06	 2.185750e-04	 1.081486e-05	-3.513319e-03	-1.683494e-03	-1.285767e-03	-2.814130e-02	-1.140062e-08	 9.495140e-02	-1.772702e+00	 5.004812e-02	 5.320587e-02	-1.555958e+01	-1.301392e+01	-1.107627e+01	-9.784925e+00	 7.594360e+00	-2.246662e-02	-1.081123e-01	-4.309584e-01	-2.034065e-01	-2.202973e-04	-2.807756e-04	 7.290855e-04	-2.662128e-04	-1.095445e-03	 2.569897e-03	 9.788848e-05	 9.428120e-05	 3.252021e-04	-2.538270e-05	-1.149991e-03	-5.810279e-03	 1.710083e-05	-2.048798e-04	 1.205290e-04	-2.554576e-04	-2.184754e-02	-4.963090e-04	-6.047448e-03	 1.903860e-04	-1.482392e-03	 6.278584e-04	-6.279042e-04	 1.370930e+09	 1.831574e-05	 1.035970e+08	 2.399675e-01	
-1.954643e-07	 5.411949e-05	 7.670945e-07	 1.610603e-04	 3.470687e-04	 2.095445e-04	-1.668335e-03	-4.343239e-10	 1.242678e-02	 3.533858e-02	-1.615379e-03	-1.578231e-01	-2.956139e+00	 5.766681e-02	-2.975508e-01	-2.102978e-01	-2.246662e-02	 3.495555e+00	 4.448501e-01	 1.534662e-01	 2.329016e-01	 4.154304e-05	-5.537658e-06	 4.997616e-05	-2.320389e-05	-6.461680e-04	-2.287389e-03	-9.644988e-04	 1.882678e-04	-1.585131e-04	 4.328824e-04	-1.688198e-04	-1.845005e-03	 3.126063e-04	 2.277647e-05	-5.867821e-05	-1.530859e-04	-3.784062e-03	-3.897496e-03	-1.555213e-03	 1.904455e-05	 3.136619e-04	 1.386059e-04	-1.386146e-04	 5.912795e+07	 4.877283e-06	-4.738738e+06	-3.586722e-02	
 5.625950e-06	 1.597393e-04	-9.054437e-06	-1.063045e-04	 2.388811e-04	 1.285615e-04	-5.470730e-03	 9.219976e-10	 8.392628e-03	-8.523405e-03	 9.946538e-03	 3.964244e-03	 3.582822e+00	-8.704276e-01	-3.155713e-01	-2.997530e-01	-1.081123e-01	 4.448501e-01	 3.306647e+00	 2.591177e+00	 1.859782e+00	 2.164660e-05	 6.923359e-06	 5.097354e-04	 2.541936e-05	-8.051679e-04	-6.096380e-04	 1.780211e-07	 1.429133e-04	 1.534117e-04	 2.898653e-04	 1.708581e-03	 1.989080e-04	-2.686509e-04	-2.013357e-04	-4.456362e-05	 1.001953e-03	 3.148394e-02	-2.026895e-02	-6.580812e-03	 5.358063e-05	 2.639462e-04	 6.175123e-05	-6.167626e-05	 2.460261e+08	-1.613319e-06	-1.179102e+07	-2.285459e-02	
-1.242586e-05	-1.558000e-04	 2.520165e-05	-3.710202e-03	-1.481589e-03	-1.396254e-03	-4.619369e-03	-9.734514e-09	-1.378628e-02	-1.750768e+00	 1.318713e-01	 1.711789e+00	-8.407724e+00	 3.042787e+00	 2.588715e+00	-3.107928e+00	-4.309584e-01	 1.534662e-01	 2.591177e+00	 1.675093e+01	 2.512557e+01	-1.629748e-04	-1.333580e-04	 2.156282e-03	 8.847500e-05	 5.091974e-04	 8.307241e-05	 7.675268e-04	 2.390406e-04	 1.795132e-03	-3.274976e-04	 5.244594e-04	 6.372184e-03	-5.057624e-05	 2.547793e-03	-1.189816e-04	-3.750396e-03	-1.324453e-01	 4.179580e-02	 1.034762e-02	-1.020703e-05	-1.926447e-03	 7.727329e-04	-7.730351e-04	 4.013310e+08	 5.464408e-06	-1.244537e+08	-4.791474e-01	
-1.533660e-05	 2.718778e-04	 1.000581e-05	-3.552831e-03	-9.512373e-04	-2.457388e-03	 6.755667e-03	 5.147413e-09	-1.775394e-02	-1.770677e+01	 1.346109e-01	 1.558511e+00	-1.340551e+01	 2.905748e+00	 3.259216e+00	 1.193156e+01	-2.034065e-01	 2.329016e-01	 1.859782e+00	 2.512557e+01	 5.350457e+01	 1.097383e-04	-2.069358e-05	 3.732678e-03	 2.297653e-04	 1.361716e-03	-2.407436e-03	 2.148096e-03	-1.327989e-04	 6.198721e-03	-5.046178e-04	 1.704571e-03	 1.916116e-02	 1.211058e-05	 4.575703e-03	 3.995880e-04	-1.394711e-03	-6.078981e-02	-2.978921e-02	-6.803519e-03	-2.205236e-05	-1.052088e-03	 1.011248e-03	-1.011392e-03	 1.347585e+08	 2.633079e-06	-1.720839e+08	-6.523921e-01	
 5.041717e-08	 1.182416e-07	-5.915176e-08	 4.206784e-06	 2.701578e-06	 1.662493e-06	-5.483224e-06	 9.131798e-12	-1.270066e-06	-3.319007e-04	 1.521848e-05	 7.435730e-06	-1.217376e-03	-7.517979e-04	-1.672190e-04	 1.956596e-04	-2.202973e-04	 4.154304e-05	 2.164660e-05	-1.629748e-04	 1.097383e-04	 3.149264e-05	 8.826711e-06	-4.419298e-07	 2.784769e-06	-2.114811e-06	 5.479485e-06	 1.130835e-06	-4.843338e-07	 6.093375e-06	-1.263900e-07	 3.514829e-06	 1.196004e-05	-3.315610e-08	 3.048380e-08	 7.670711e-07	 6.821748e-06	 2.605307e-04	-5.366436e-05	-1.446495e-05	 6.536502e-08	 1.966194e-06	-1.844954e-06	 1.845559e-06	 3.117159e+05	-1.518837e-08	 5.962914e+04	 2.652190e-04	
 6.103602e-08	 8.839253e-08	-5.001775e-08	 6.220757e-06	 3.256964e-06	 2.930358e-06	-4.284923e-06	 1.086795e-11	-4.486406e-06	-4.186618e-04	 2.132274e-05	 5.361514e-05	-1.694358e-03	-8.758268e-04	 7.787495e-05	 3.287921e-04	-2.807756e-04	-5.537658e-06	 6.923359e-06	-1.333580e-04	-2.069358e-05	 8.826711e-06	 2.421117e-05	 1.222407e-06	 1.182203e-05	-3.343407e-06	-2.040434e-06	 4.566964e-08	-1.057438e-06	 2.225911e-06	-1.461573e-06	-1.075385e-06	-9.612324e-06	-4.015526e-08	-2.007330e-08	 6.357102e-07	 9.141815e-06	 3.435316e-04	-5.895668e-05	-1.631500e-05	 8.905328e-08	 2.676072e-06	-2.591903e-06	 2.592702e-06	 2.106780e+05	-7.530540e-09	 1.285508e+04	 1.123552e-04	
-6.497122e-08	-2.140885e-06	-2.308170e-08	-1.143433e-05	-4.666070e-06	-4.302625e-06	 1.304329e-05	-5.348487e-11	 1.756883e-04	-6.443287e-04	-1.454681e-05	-3.373649e-04	 1.023150e-02	 1.242493e-03	-1.647103e-03	-7.385187e-04	 7.290855e-04	 4.997616e-05	 5.097354e-04	 2.156282e-03	 3.732678e-03	-4.419298e-07	 1.222407e-06	 1.061508e-03	 2.135905e-07	 1.511580e-05	-3.128133e-05	-2.317852e-06	-6.924353e-06	 2.844556e-06	 3.397294e-06	-1.463451e-05	-5.847250e-05	-2.109020e-08	 2.487802e-07	 2.475608e-07	-2.362388e-05	-8.279506e-04	 3.530733e-04	 1.029687e-04	-5.580167e-07	-8.237849e-06	 2.588646e-06	-2.590557e-06	-1.438962e+06	 1.818075e-08	 7.620967e+05	 2.460034e-03	
 4.293873e-08	-3.283886e-07	-1.065751e-08	 6.467790e-06	 2.907949e-06	 3.052250e-06	 1.307949e-05	 8.827454e-12	-6.209293e-05	-3.888180e-04	 2.378541e-05	 1.692909e-04	-2.381701e-03	-1.258414e-03	 2.150248e-04	 4.131914e-04	-2.662128e-04	-2.320389e-05	 2.541936e-05	 8.847500e-05	 2.297653e-04	 2.784769e-06	 1.182203e-05	 2.135905e-07	 4.722118e-05	 1.119359e-06	 5.912551e-07	 3.464508e-06	 9.444372e-08	 3.308450e-06	-1.341862e-06	-5.421849e-06	-1.369872e-05	-1.166647e-08	-3.716358e-08	 1.053083e-06	 8.131704e-06	 3.119240e-04	-5.997385e-06	-6.839244e-07	-2.939959e-09	 1.964562e-06	-3.186344e-06	 3.187059e-06	-2.375268e+05	-1.036614e-08	-1.161274e+05	-5.522655e-04	
-7.967472e-08	-3.559529e-06	 2.180527e-07	-3.971101e-06	-7.159974e-06	 1.643311e-06	 7.877854e-05	-3.614430e-11	-2.591791e-05	 2.706727e-04	 6.977071e-06	-4.286787e-04	 7.596068e-03	 3.599632e-03	 8.945631e-04	 9.602860e-04	-1.095445e-03	-6.461680e-04	-8.051679e-04	 5.091974e-04	 1.361716e-03	-2.114811e-06	-3.343407e-06	 1.511580e-05	 1.119359e-06	 2.221125e-03	 5.089257e-05	-8.249121e-06	 1.700192e-06	-6.908810e-05	-3.324553e-06	 1.197620e-05	-1.727073e-04	 1.250733e-07	 3.128501e-07	-1.472494e-06	-2.153264e-05	-7.272605e-04	 4.543998e-04	 1.437906e-04	-1.072389e-06	-8.865771e-06	-9.929868e-07	 9.912959e-07	-2.976665e+06	 4.451431e-08	-3.508074e+05	-6.425126e-04	
-1.213510e-07	-2.510096e-06	-5.064185e-07	-4.362350e-05	-1.643112e-05	-2.570880e-05	 1.121343e-04	-2.986193e-11	 4.905707e-05	 6.827830e-03	-4.237827e-04	 1.793892e-03	-3.377476e-03	-4.787188e-03	-8.226319e-03	-1.017889e-02	 2.569897e-03	-2.287389e-03	-6.096380e-04	 8.307241e-05	-2.407436e-03	 5.479485e-06	-2.040434e-06	-3.128133e-05	 5.912551e-07	 5.089257e-05	 1.684971e-02	 1.905037e-05	 5.375494e-05	-7.950919e-05	 4.213909e-06	-1.986863e-05	 2.971136e-04	-5.115908e-08	-3.436560e-07	 7.046424e-06	-5.155751e-05	-1.751183e-03	 3.943028e-04	 1.486325e-04	-1.695320e-06	-2.547527e-05	 9.505121e-06	-9.509268e-06	-8.144872e+05	-1.003042e-07	-4.488034e+06	-1.810729e-02	
 1.390362e-08	 3.787926e-06	-4.309099e-08	 1.267010e-05	 4.530800e-06	 4.291214e-06	-1.401026e-05	 8.393188e-11	 1.010400e-04	-4.878305e-03	 1.314897e-04	-4.062934e-04	 3.431253e-03	 3.273541e-03	 3.591233e-03	 6.471009e-03	 9.788848e-05	-9.644988e-04	 1.780211e-07	 7.675268e-04	 2.148096e-03	 1.130835e-06	 4.566964e-08	-2.317852e-06	 3.464508e-06	-8.249121e-06	 1.905037e-05	 1.432152e-03	 2.900292e-04	 9.318437e-05	-3.971971e-04	-8.832042e-05	-4.682199e-05	 1.526004e-07	-5.951467e-07	-7.051101e-07	 2.633136e-05	 8.450643e-04	-5.535657e-04	-1.568627e-04	 6.939832e-07	 1.201377e-05	 4.224609e-07	-4.205719e-07	 1.131456e+06	-6.109769e-09	-1.027009e+06	-4.342704e-03	
-9.980908e-08	 1.351168e-06	-8.225611e-08	 2.187978e-06	-2.181750e-06	-4.680339e-07	 4.139064e-05	 4.253382e-11	-1.364463e-04	 1.096249e-03	-5.057865e-05	-4.939427e-04	 7.896008e-03	 2.082982e-03	-8.697678e-04	 8.712042e-04	 9.428120e-05	 1.882678e-04	 1.429133e-04	 2.390406e-04	-1.327989e-04	-4.843338e-07	-1.057438e-06	-6.924353e-06	 9.444372e-08	 1.700192e-06	 5.375494e-05	 2.900292e-04	 8.363502e-04	 2.283559e-05	 7.359602e-04	 6.362533e-05	-5.805274e-04	-1.243324e-07	 1.087880e-07	 6.844135e-07	 4.229284e-06	 8.994874e-05	-1.789030e-04	-4.638229e-05	 4.384470e-08	 2.576474e-06	 1.711635e-06	-1.711480e-06	-1.042106e+06	-5.085867e-08	 2.927247e+05	 1.104943e-03	
-2.115215e-08	-1.597657e-06	 3.148653e-07	 6.047167e-06	-4.613795e-06	 3.499776e-06	-6.056496e-06	-4.397403e-11	 5.123608e-05	 3.207600e-03	-5.495850e-05	-6.591615e-04	 3.206934e-02	 3.963877e-03	-1.076528e-03	-8.647317e-03	 3.252021e-04	-1.585131e-04	 1.534117e-04	 1.795132e-03	 6.198721e-03	 6.093375e-06	 2.225911e-06	 2.844556e-06	 3.308450e-06	-6.908810e-05	-7.950919e-05	 9.318437e-05	 2.283559e-05	 7.102480e-03	-3.152071e-04	 6.784500e-04	 4.203540e-03	 1.490201e-07	 1.649699e-06	 2.895321e-07	-1.600667e-05	-5.461117e-04	 2.576533e-04	 7.528747e-05	-3.925784e-07	 1.908859e-07	 1.244002e-06	-1.245252e-06	 1.960632e+05	 4.647942e-08	 5.750403e+05	 4.014737e-03	
-1.935997e-07	 7.549080e-06	-5.321753e-07	-4.851275e-06	 4.484677e-06	-1.089535e-05	-1.637629e-05	 1.437881e-10	 7.720773e-04	 3.238228e-03	-4.639366e-05	-1.167760e-03	 2.747926e-02	 4.114509e-03	-5.347927e-04	 1.576662e-04	-2.538270e-05	 4.328824e-04	 2.898653e-04	-3.274976e-04	-5.046178e-04	-1.263900e-07	-1.461573e-06	 3.397294e-06	-1.341862e-06	-3.324553e-06	 4.213909e-06	-3.971971e-04	 7.359602e-04	-3.152071e-04	 2.881143e-03	 5.104443e-04	-8.457262e-04	 3.574792e-07	 7.888291e-07	 2.698592e-06	 3.569227e-05	 1.046464e-03	-9.700525e-04	-2.865218e-04	 1.476001e-06	 1.133563e-05	 5.838387e-06	-5.836105e-06	 4.706324e+06	 8.244697e-08	-7.336486e+05	-3.951955e-03	
-1.003432e-06	 8.881295e-07	 2.001540e-07	-1.904621e-05	-7.206081e-06	-1.141747e-05	 1.972906e-04	 7.910883e-11	 9.556264e-04	-2.076224e-03	 1.076376e-05	-2.026766e-04	 2.171095e-02	 8.896659e-03	 7.638455e-03	 9.163415e-03	-1.149991e-03	-1.688198e-04	 1.708581e-03	 5.244594e-04	 1.704571e-03	 3.514829e-06	-1.075385e-06	-1.463451e-05	-5.421849e-06	 1.197620e-05	-1.986863e-05	-8.832042e-05	 6.362533e-05	 6.784500e-04	 5.104443e-04	 6.428986e-03	 7.634742e-03	 2.337907e-07	 4.556738e-08	 1.120129e-06	-2.895021e-05	-1.013165e-03	 1.512158e-04	 2.897628e-05	-1.953521e-07	-3.867109e-06	 8.185654e-06	-8.188204e-06	-6.726901e+06	 1.773357e-07	-1.906719e+06	-9.806104e-03	
-3.621611e-06	 2.979842e-05	-6.390336e-07	-8.831861e-05	-1.600008e-05	-8.579462e-05	 7.426144e-04	 9.346203e-10	 4.925953e-03	-5.778858e-03	-1.396322e-04	 2.721630e-03	-5.189514e-02	 2.035532e-02	 2.802311e-02	 2.200920e-02	-5.810279e-03	-1.845005e-03	 1.989080e-04	 6.372184e-03	 1.916116e-02	 1.196004e-05	-9.612324e-06	-5.847250e-05	-1.369872e-05	-1.727073e-04	 2.971136e-04	-4.682199e-05	-5.805274e-04	 4.203540e-03	-8.457262e-04	 7.634742e-03	 6.518200e-02	 1.969950e-07	-2.650161e-06	 1.331462e-05	 4.575888e-05	 8.424674e-04	-3.445931e-03	-9.654402e-04	 2.260529e-06	 1.985425e-05	 4.468252e-05	-4.468154e-05	-2.422758e+07	 5.302757e-07	-1.068853e+06	-1.070358e-02	
 4.012894e-09	 7.582685e-08	-6.709315e-09	-8.277047e-08	-1.443716e-07	-2.023232e-07	-2.395696e-07	 1.327969e-12	 1.822333e-06	-2.702946e-04	 8.861062e-06	 1.376202e-04	 6.383714e-03	-2.002699e-05	 5.105231e-04	 5.030038e-04	 1.710083e-05	 3.126063e-04	-2.686509e-04	-5.057624e-05	 1.211058e-05	-3.315610e-08	-4.015526e-08	-2.109020e-08	-1.166647e-08	 1.250733e-07	-5.115908e-08	 1.526004e-07	-1.243324e-07	 1.490201e-07	 3.574792e-07	 2.337907e-07	 1.969950e-07	 6.011447e-07	-1.054843e-09	 5.898751e-09	 4.410621e-07	 1.439929e-05	-1.163527e-05	-3.095749e-06	 1.010864e-08	 1.001946e-08	 3.807117e-08	-3.803950e-08	 6.754504e+04	 7.031116e-11	 1.338321e+04	 3.403221e-05	
-9.593043e-09	-1.159591e-07	 8.634481e-09	-1.241253e-06	-5.656746e-07	-5.726987e-07	-7.502390e-07	-4.412862e-12	-3.926207e-06	 4.375085e-03	-2.594932e-05	-3.312537e-04	 4.702912e-03	 8.001273e-04	-1.953612e-03	-6.987842e-03	-2.048798e-04	 2.277647e-05	-2.013357e-04	 2.547793e-03	 4.575703e-03	 3.048380e-08	-2.007330e-08	 2.487802e-07	-3.716358e-08	 3.128501e-07	-3.436560e-07	-5.951467e-07	 1.087880e-07	 1.649699e-06	 7.888291e-07	 4.556738e-08	-2.650161e-06	-1.054843e-09	 2.082054e-06	 5.937262e-09	-1.934430e-06	-6.821164e-05	 2.499920e-05	 6.555249e-06	-1.865527e-08	-7.251238e-07	 3.233025e-07	-3.234586e-07	 7.354159e+04	 3.675916e-09	-2.020788e+04	-1.093214e-04	
 2.233529e-08	-1.492742e-07	-6.201992e-09	 2.869073e-06	 2.179817e-07	-4.271549e-06	-7.317421e-06	-1.514740e-13	 5.782503e-05	 9.765280e-04	 3.358431e-09	 5.189561e-05	 2.918147e-03	 4.938911e-04	 3.600951e-04	 8.311093e-04	 1.205290e-04	-5.867821e-05	-4.456362e-05	-1.189816e-04	 3.995880e-04	 7.670711e-07	 6.357102e-07	 2.475608e-07	 1.053083e-06	-1.472494e-06	 7.046424e-06	-7.051101e-07	 6.844135e-07	 2.895321e-07	 2.698592e-06	 1.120129e-06	 1.331462e-05	 5.898751e-09	 5.937262e-09	 5.860981e-06	 2.109989e-06	 8.663289e-05	 3.511712e-06	 9.032080e-07	 6.816964e-09	 6.939844e-07	-9.703871e-07	 9.705928e-07	 5.174911e+05	 1.873945e-09	-8.366949e+04	-4.421437e-04	
 3.972535e-06	 1.010106e-04	-4.783499e-06	 2.225080e-04	 2.199385e-04	 4.765321e-05	-1.160066e-03	 2.185664e-09	 5.705863e-03	-1.523556e-02	 1.552641e-04	 3.178200e-03	-2.029214e-02	-4.530768e-02	-2.139666e-02	-5.270463e-03	-2.554576e-04	-1.530859e-04	 1.001953e-03	-3.750396e-03	-1.394711e-03	 6.821748e-06	 9.141815e-06	-2.362388e-05	 8.131704e-06	-2.153264e-05	-5.155751e-05	 2.633136e-05	 4.229284e-06	-1.600667e-05	 3.569227e-05	-2.895021e-05	 4.575888e-05	 4.410621e-07	-1.934430e-06	 2.109989e-06	 1.095359e-03	 3.656064e-02	-1.637284e-02	-4.770001e-03	 2.611736e-05	 2.568752e-04	-9.902758e-05	 9.911148e-05	 7.198923e+07	 2.290859e-07	-6.537533e+05	-4.672263e-03	
 1.390112e-04	 3.186976e-03	-1.470814e-04	 8.333535e-03	 7.523065e-03	 2.205107e-03	-3.897906e-02	 7.050765e-08	 1.970408e-01	-5.171585e-01	 5.968757e-03	 1.088594e-01	-7.668272e-01	-1.536063e+00	-7.081747e-01	-1.691752e-01	-2.184754e-02	-3.784062e-03	 3.148394e-02	-1.324453e-01	-6.078981e-02	 2.605307e-04	 3.435316e-04	-8.279506e-04	 3.119240e-04	-7.272605e-04	-1.751183e-03	 8.450643e-04	 8.994874e-05	-5.461117e-04	 1.046464e-03	-1.013165e-03	 8.424674e-04	 1.439929e-05	-6.821164e-05	 8.663289e-05	 3.656064e-02	 1.248460e+00	-5.263706e-01	-1.540327e-01	 8.665561e-04	 8.563950e-03	-3.896157e-03	 3.899025e-03	 2.396547e+09	 9.719458e-06	-2.715891e+07	-1.795374e-01	
-4.602580e-05	-2.390736e-03	 1.305555e-04	-4.852593e-04	-3.038819e-03	 1.447223e-03	 1.544859e-02	-4.744392e-08	-5.171106e-02	 2.628316e-01	-2.303456e-03	-4.958878e-02	 1.002478e-01	 6.641197e-01	 2.803195e-01	 2.946410e-02	-4.963090e-04	-3.897496e-03	-2.026895e-02	 4.179580e-02	-2.978921e-02	-5.366436e-05	-5.895668e-05	 3.530733e-04	-5.997385e-06	 4.543998e-04	 3.943028e-04	-5.535657e-04	-1.789030e-04	 2.576533e-04	-9.700525e-04	 1.512158e-04	-3.445931e-03	-1.163527e-05	 2.499920e-05	 3.511712e-06	-1.637284e-02	-5.263706e-01	 3.551143e-01	 1.002423e-01	-4.463825e-04	-4.357453e-03	-4.153778e-04	 4.141856e-04	-1.127768e+09	 8.335968e-06	-2.244298e+07	-7.848699e-02	
-1.352897e-05	-6.770769e-04	 3.478193e-05	-2.003383e-04	-9.201386e-04	 3.727690e-04	 5.422148e-03	-1.312259e-08	-2.124020e-02	 6.370044e-02	-2.739645e-04	-1.351883e-02	 1.186438e-02	 1.866562e-01	 9.252622e-02	 2.566128e-02	-6.047448e-03	-1.555213e-03	-6.580812e-03	 1.034762e-02	-6.803519e-03	-1.446495e-05	-1.631500e-05	 1.029687e-04	-6.839244e-07	 1.437906e-04	 1.486325e-04	-1.568627e-04	-4.638229e-05	 7.528747e-05	-2.865218e-04	 2.897628e-05	-9.654402e-04	-3.095749e-06	 6.555249e-06	 9.032080e-07	-4.770001e-03	-1.540327e-01	 1.002423e-01	 2.856368e-02	-1.346223e-04	-1.272421e-03	-7.698940e-05	 7.663976e-05	-3.641467e+08	 8.399002e-07	-4.432691e+06	-9.700286e-03	
 9.326851e-08	 3.038689e-06	-1.002523e-07	 3.186925e-06	 6.049190e-06	-3.577175e-07	-5.666342e-05	 4.924100e-11	 2.682250e-04	-6.031305e-06	-9.083965e-06	 5.001734e-05	 3.052605e-04	-9.134216e-04	-8.688582e-04	-6.568877e-04	 1.903860e-04	 1.904455e-05	 5.358063e-05	-1.020703e-05	-2.205236e-05	 6.536502e-08	 8.905328e-08	-5.580167e-07	-2.939959e-09	-1.072389e-06	-1.695320e-06	 6.939832e-07	 4.384470e-08	-3.925784e-07	 1.476001e-06	-1.953521e-07	 2.260529e-06	 1.010864e-08	-1.865527e-08	 6.816964e-09	 2.611736e-05	 8.665561e-04	-4.463825e-04	-1.346223e-04	 8.476973e-07	 6.950401e-06	-1.063418e-06	 1.065408e-06	 3.044723e+06	 3.707528e-08	-2.694647e+04	-2.662722e-04	
 8.713161e-07	 2.827055e-05	-1.036570e-06	 1.779730e-04	 5.902806e-05	 7.072421e-05	-3.405773e-04	 5.571058e-10	 1.263415e-03	-5.402964e-03	 8.795436e-05	 7.405709e-04	-1.060067e-02	-1.138163e-02	-3.128753e-03	 1.908125e-03	-1.482392e-03	 3.136619e-04	 2.639462e-04	-1.926447e-03	-1.052088e-03	 1.966194e-06	 2.676072e-06	-8.237849e-06	 1.964562e-06	-8.865771e-06	-2.547527e-05	 1.201377e-05	 2.576474e-06	 1.908859e-07	 1.133563e-05	-3.867109e-06	 1.985425e-05	 1.001946e-08	-7.251238e-07	 6.939844e-07	 2.568752e-04	 8.563950e-03	-4.357453e-03	-1.272421e-03	 6.950401e-06	 1.261618e-04	-1.409506e-05	 1.411466e-05	 1.962197e+07	 6.174451e-08	-2.585117e+05	-9.800680e-04	
-6.183187e-07	 6.621456e-06	-5.162376e-07	-7.429009e-05	-2.375441e-05	-4.444428e-05	 8.045994e-05	 3.279801e-11	-8.162766e-04	 1.688832e-03	-4.819877e-05	-3.379978e-04	 7.288721e-03	 4.864142e-03	 1.704199e-03	 1.221696e-05	 6.278584e-04	 1.386059e-04	 6.175123e-05	 7.727329e-04	 1.011248e-03	-1.844954e-06	-2.591903e-06	 2.588646e-06	-3.186344e-06	-9.929868e-07	 9.505121e-06	 4.224609e-07	 1.711635e-06	 1.244002e-06	 5.838387e-06	 8.185654e-06	 4.468252e-05	 3.807117e-08	 3.233025e-07	-9.703871e-07	-9.902758e-05	-3.896157e-03	-4.153778e-04	-7.698940e-05	-1.063418e-06	-1.409506e-05	 4.477108e-05	-4.478028e-05	-3.076604e+06	-1.503403e-07	 5.493888e+05	 2.455481e-03	
 6.186436e-07	-6.614267e-06	 5.159096e-07	 7.430962e-05	 2.377178e-05	 4.444963e-05	-8.055361e-05	-3.263928e-11	 8.167420e-04	-1.690005e-03	 4.821191e-05	 3.382456e-04	-7.290519e-03	-4.867690e-03	-1.705867e-03	-1.263905e-05	-6.279042e-04	-1.386146e-04	-6.167626e-05	-7.730351e-04	-1.011392e-03	 1.845559e-06	 2.592702e-06	-2.590557e-06	 3.187059e-06	 9.912959e-07	-9.509268e-06	-4.205719e-07	-1.711480e-06	-1.245252e-06	-5.836105e-06	-8.188204e-06	-4.468154e-05	-3.803950e-08	-3.234586e-07	 9.705928e-07	 9.911148e-05	 3.899025e-03	 4.141856e-04	 7.663976e-05	 1.065408e-06	 1.411466e-05	-4.478028e-05	 4.478950e-05	 3.082190e+06	 1.503671e-07	-5.494502e+05	-2.455890e-03	
 5.664563e+05	 8.015881e+06	-2.258516e+05	 8.105893e+06	 2.202563e+07	-6.143291e+05	-3.720704e+08	 4.536731e+01	 1.240704e+09	 1.748869e+09	-8.981045e+07	-1.175360e+07	 5.025634e+09	-2.328635e+09	-5.088118e+09	-5.082594e+09	 1.370930e+09	 5.912795e+07	 2.460261e+08	 4.013310e+08	 1.347585e+08	 3.117159e+05	 2.106780e+05	-1.438962e+06	-2.375268e+05	-2.976665e+06	-8.144872e+05	 1.131456e+06	-1.042106e+06	 1.960632e+05	 4.706324e+06	-6.726901e+06	-2.422758e+07	 6.754504e+04	 7.354159e+04	 5.174911e+05	 7.198923e+07	 2.396547e+09	-1.127768e+09	-3.641467e+08	 3.044723e+06	 1.962197e+07	-3.076604e+06	 3.082190e+06	 2.517358e+19	 3.038455e+05	-8.063555e+16	-1.063207e+09	
-1.265907e-10	-3.419169e-08	 1.887552e-08	 5.806546e-08	 2.369440e-07	 3.642623e-08	-7.541511e-06	-2.635876e-12	 7.337003e-05	 2.351038e-05	-4.740282e-07	-3.023992e-06	 2.924090e-05	 3.170083e-05	-4.768179e-06	-2.038190e-05	 1.831574e-05	 4.877283e-06	-1.613319e-06	 5.464408e-06	 2.633079e-06	-1.518837e-08	-7.530540e-09	 1.818075e-08	-1.036614e-08	 4.451431e-08	-1.003042e-07	-6.109769e-09	-5.085867e-08	 4.647942e-08	 8.244697e-08	 1.773357e-07	 5.302757e-07	 7.031116e-11	 3.675916e-09	 1.873945e-09	 2.290859e-07	 9.719458e-06	 8.335968e-06	 8.399002e-07	 3.707528e-08	 6.174451e-08	-1.503403e-07	 1.503671e-07	 3.038455e+05	 2.982956e-08	-1.050362e+04	-9.072023e-05	
 1.466597e+04	 1.447897e+05	-5.329059e+04	-8.009909e+05	-5.357456e+05	-5.067825e+05	 5.528278e+04	 1.466748e+00	-1.652284e+08	 7.891197e+07	-1.311174e+07	-1.599474e+07	 3.183827e+08	-2.439725e+08	-4.813877e+08	-3.315785e+08	 1.035970e+08	-4.738738e+06	-1.179102e+07	-1.244537e+08	-1.720839e+08	 5.962914e+04	 1.285508e+04	 7.620967e+05	-1.161274e+05	-3.508074e+05	-4.488034e+06	-1.027009e+06	 2.927247e+05	 5.750403e+05	-7.336486e+05	-1.906719e+06	-1.068853e+06	 1.338321e+04	-2.020788e+04	-8.366949e+04	-6.537533e+05	-2.715891e+07	-2.244298e+07	-4.432691e+06	-2.694647e+04	-2.585117e+05	 5.493888e+05	-5.494502e+05	-8.063555e+16	-1.050362e+04	 6.460917e+18	 2.564285e+10	
 7.481102e-05	 3.939889e-04	-2.475553e-04	-1.733899e-03	-2.923116e-03	-1.085762e-03	 1.462655e-02	 6.686934e-09	-1.214759e+00	 1.172401e-01	-4.930779e-02	-3.807122e-02	 7.615372e-01	-1.140556e+00	-1.855218e+00	-1.152269e+00	 2.399675e-01	-3.586722e-02	-2.285459e-02	-4.791474e-01	-6.523921e-01	 2.652190e-04	 1.123552e-04	 2.460034e-03	-5.522655e-04	-6.425126e-04	-1.810729e-02	-4.342704e-03	 1.104943e-03	 4.014737e-03	-3.951955e-03	-9.806104e-03	-1.070358e-02	 3.403221e-05	-1.093214e-04	-4.421437e-04	-4.672263e-03	-1.795374e-01	-7.848699e-02	-9.700286e-03	-2.662722e-04	-9.800680e-04	 2.455481e-03	-2.455890e-03	-1.063207e+09	-9.072023e-05	 2.564285e+10	 1.061493e+02	
