#          omega_b,        omega_cdm,               H0,              n_s,              A_s,         tau_reio,        A_cib_217,        xi_sz_cib,             A_sz,     ps_A_100_100,     ps_A_143_143,     ps_A_143_217,     ps_A_217_217,         ksz_norm,     gal545_A_100,     gal545_A_143, gal545_A_143_217,     gal545_A_217,    galf_EE_A_100, galf_EE_A_100_143, galf_EE_A_100_217,    galf_EE_A_143, galf_EE_A_143_217,    galf_EE_A_217,    galf_TE_A_100, galf_TE_A_100_143, galf_TE_A_100_217,    galf_TE_A_143, galf_TE_A_143_217,    galf_TE_A_217,       calib_100T,       calib_217T,         A_planck,                M,           rs_rec,      100*theta_s,           sigma8,          Omega_m,     Omega_Lambda
 2.256443e-08	-9.205194e-08	 5.622836e-05	 2.605816e-07	 9.918537e-16	 2.806956e-07	-9.449578e-05	 2.954612e-06	 1.930025e-05	-6.878218e-04	-2.668278e-04	-9.477066e-05	-1.337439e-05	-2.260715e-05	 9.112658e-07	-2.868424e-05	-4.578917e-05	-5.943976e-05	 5.522688e-08	 1.772232e-10	-2.816233e-07	 4.356624e-09	 1.834556e-07	 6.947075e-07	-1.176413e-07	-3.337013e-07	 9.224158e-08	-5.519550e-07	-8.709540e-08	-5.714197e-07	-1.646048e-09	-2.069992e-08	 1.351853e-08	 1.477539e-06	 6.008533e-06	 8.826894e-09	-1.215598e-07	-6.686643e-07	 6.687954e-07	
-9.205194e-08	 1.166655e-06	-5.140337e-04	-2.837772e-06	-5.654326e-15	-2.735179e-06	 8.186008e-04	-3.085017e-05	-5.199963e-05	 3.238772e-03	 1.168418e-03	 6.307888e-04	 2.489120e-04	-1.504165e-04	 1.414639e-05	 9.564465e-05	 5.288292e-06	-2.766186e-04	-6.137508e-07	 6.840575e-08	 1.880761e-06	-5.155145e-07	-1.481036e-06	 1.756805e-06	 7.479798e-07	 8.750029e-07	-2.434129e-07	 1.557259e-06	 5.006864e-07	 1.183598e-05	 1.655620e-09	 8.857330e-08	 9.505104e-08	-1.324089e-05	-2.282214e-04	-4.498556e-08	 2.298265e-06	 7.076066e-06	-7.077268e-06	
 5.622836e-05	-5.140337e-04	 2.517344e-01	 1.291717e-03	 3.227067e-12	 1.303090e-03	-3.676415e-01	 1.384256e-02	 2.987616e-02	-1.641616e+00	-6.858857e-01	-4.023810e-01	-1.780882e-01	 5.615163e-02	-1.248893e-02	-5.399454e-02	-1.425927e-02	 9.122238e-02	 2.409445e-04	-2.556737e-05	-8.911566e-04	 1.727573e-04	 8.385655e-04	-1.072948e-03	-3.798235e-04	-4.705013e-04	 3.389353e-04	-9.541441e-04	 3.064183e-05	-3.626978e-03	-1.880270e-06	-4.866443e-05	-1.752325e-05	 6.523378e-03	 8.827208e-02	 5.266649e-05	-8.915156e-04	-3.314752e-03	 3.315340e-03	
 2.605816e-07	-2.837772e-06	 1.291717e-03	 1.628136e-05	 2.245433e-14	 9.938968e-06	-7.182478e-03	 2.165147e-04	 4.559170e-04	-3.031248e-02	-6.928173e-03	 5.377732e-04	 5.288089e-03	-1.257220e-03	 2.532086e-04	-7.349990e-04	-6.291802e-04	 1.538167e-03	 2.661449e-06	 1.378627e-06	-4.664464e-06	 2.880281e-06	-5.528493e-07	 1.427455e-06	-7.919684e-06	-2.212407e-06	 1.875852e-05	-7.029455e-06	-4.701813e-06	 2.933028e-05	-1.751499e-07	-4.658880e-07	-6.697405e-07	 3.319855e-05	 5.264227e-04	 1.320944e-07	-1.167116e-06	-1.749079e-05	 1.749381e-05	
 9.918537e-16	-5.654326e-15	 3.227067e-12	 2.245433e-14	 9.021102e-22	 2.030535e-13	-1.356912e-11	-5.230548e-14	 1.632064e-12	-2.892143e-11	-2.006601e-11	-3.334115e-12	 2.292629e-11	-4.939505e-12	-1.150129e-12	-3.049800e-12	-7.367327e-12	-6.364380e-12	 3.170356e-15	 3.859461e-15	 8.212778e-15	-5.911170e-15	 7.009086e-14	 6.676532e-14	-1.107672e-14	-6.057816e-14	 1.701586e-13	-1.691169e-14	 2.403784e-14	 2.359001e-13	-1.642211e-16	-2.876390e-15	 1.477851e-14	 8.518541e-14	 6.788683e-13	 9.395198e-16	 1.582749e-13	-3.999016e-14	 3.999769e-14	
 2.806956e-07	-2.735179e-06	 1.303090e-03	 9.938968e-06	 2.030535e-13	 5.419532e-05	-3.861813e-03	-1.897727e-05	 4.896318e-04	-1.025835e-02	-6.717028e-03	-2.964874e-03	 2.605371e-03	-6.809554e-04	-1.319492e-04	-5.712220e-04	-1.854231e-03	-2.498526e-03	 1.917832e-06	 1.214649e-06	 6.047527e-06	-8.501879e-07	 2.033269e-05	 1.633385e-05	 1.036593e-06	-1.302763e-05	 5.428269e-05	-3.581658e-06	 8.161717e-06	 5.917777e-05	-2.676083e-07	-8.275632e-07	-2.480107e-06	 3.473294e-05	 4.842727e-04	 2.229413e-07	 3.198478e-05	-1.737068e-05	 1.737373e-05	
-9.449578e-05	 8.186008e-04	-3.676415e-01	-7.182478e-03	-1.356912e-11	-3.861813e-03	 5.484123e+01	-4.728129e-01	-1.208695e+00	 5.637073e+01	 3.355125e+00	-1.753136e+01	-6.958327e+01	-7.641458e-01	 3.769798e-01	 9.922995e-02	-2.423935e+00	-2.639754e+01	-1.641887e-04	 1.651176e-04	 6.547107e-03	-1.888242e-03	 1.166784e-02	 4.208955e-02	 6.243144e-03	-1.001227e-03	-2.257569e-02	 1.119488e-02	-1.236455e-02	-8.242440e-02	-1.617598e-05	 4.876085e-03	 5.532274e-04	-1.050374e-02	-1.364342e-01	 2.667667e-05	-1.669335e-03	 4.986861e-03	-4.987726e-03	
 2.954612e-06	-3.085017e-05	 1.384256e-02	 2.165147e-04	-5.230548e-14	-1.897727e-05	-4.728129e-01	 8.119616e-02	-5.784821e-02	-5.615030e-01	 8.769344e-01	 1.614476e+00	 7.079904e-01	 2.890669e-02	 4.200018e-03	-7.304365e-03	 9.415122e-02	 2.309224e-01	 7.942927e-05	-1.278243e-05	-2.659249e-04	-8.659912e-05	 3.381009e-04	 1.841872e-04	-5.227353e-04	 2.363101e-04	 2.626494e-04	-4.080415e-05	 9.676178e-04	 2.845403e-03	 4.409445e-06	-9.474361e-06	 1.831146e-05	 4.049527e-04	 5.614272e-03	 5.855739e-07	-5.864591e-05	-1.884803e-04	 1.885131e-04	
 1.930025e-05	-5.199963e-05	 2.987616e-02	 4.559170e-04	 1.632064e-12	 4.896318e-04	-1.208695e+00	-5.784821e-02	 4.050491e+00	-3.301570e+01	-2.885944e+00	 8.502855e+00	 6.385536e+00	-2.919483e+00	-9.308137e-02	 1.567337e-01	 2.447547e+00	 2.274578e+00	 3.418700e-04	-3.996858e-04	-7.459069e-04	-4.050752e-04	-4.135895e-03	 1.266020e-02	-3.243402e-03	 3.576288e-04	 9.486873e-03	 1.520540e-03	-1.037425e-03	 1.081981e-02	 1.188656e-04	-3.381007e-04	-1.856456e-04	 1.018417e-03	-1.768144e-03	-1.821082e-05	 1.854680e-04	-3.477060e-04	 3.477786e-04	
-6.878218e-04	 3.238772e-03	-1.641616e+00	-3.031248e-02	-2.892143e-11	-1.025835e-02	 5.637073e+01	-5.615030e-01	-3.301570e+01	 8.881667e+02	 7.401419e+01	-6.492624e+01	-8.975297e+01	 1.562060e+01	-6.491068e+00	 3.777370e+00	-7.928361e+00	-1.532593e+01	 1.956325e-03	 2.341466e-03	 4.357340e-02	-6.765478e-03	 8.588548e-02	-2.831561e-01	 6.889039e-02	 3.970376e-03	-1.422295e-01	 9.811831e-03	 7.764404e-02	 3.287640e-03	 6.819349e-03	 6.709511e-03	 3.634058e-03	-4.749411e-02	-2.964515e-01	 4.305576e-04	-6.300279e-04	 2.035931e-02	-2.036313e-02	
-2.668278e-04	 1.168418e-03	-6.858857e-01	-6.928173e-03	-2.006601e-11	-6.717028e-03	 3.355125e+00	 8.769344e-01	-2.885944e+00	 7.401419e+01	 6.038719e+01	 4.069640e+01	 1.304161e+01	-6.179847e+00	-5.233957e-02	-1.318746e+00	 4.205560e+00	 7.619831e+00	 1.662548e-03	-6.132088e-04	-2.649708e-03	-2.295209e-03	 7.606815e-03	-2.772055e-03	-1.334167e-03	 4.089286e-03	-5.039437e-02	 5.898009e-03	 3.462189e-02	 8.122804e-02	 1.719267e-04	 9.218132e-04	 8.528464e-04	-1.603158e-02	-9.174529e-02	-8.066783e-05	-1.045709e-03	 8.254595e-03	-8.256211e-03	
-9.477066e-05	 6.307888e-04	-4.023810e-01	 5.377732e-04	-3.334115e-12	-2.964874e-03	-1.753136e+01	 1.614476e+00	 8.502855e+00	-6.492624e+01	 4.069640e+01	 8.968023e+01	 6.180842e+01	-1.363871e+01	-2.673608e-01	-7.373405e-01	 3.433693e+00	 5.625869e+00	 2.769346e-03	-1.803681e-03	-1.465804e-02	-3.393227e-03	-4.690996e-03	 2.417794e-02	-1.676587e-02	 1.037262e-02	 2.968795e-02	 6.103760e-03	 3.610111e-02	 1.241195e-01	 4.860099e-04	-2.485843e-03	 1.950534e-04	-8.034038e-03	-8.842893e-02	-2.717258e-04	 1.785508e-03	 4.850707e-03	-4.851642e-03	
-1.337439e-05	 2.489120e-04	-1.780882e-01	 5.288089e-03	 2.292629e-11	 2.605371e-03	-6.958327e+01	 7.079904e-01	 6.385536e+00	-8.975297e+01	 1.304161e+01	 6.180842e+01	 1.263947e+02	-9.244282e+00	-7.477935e-01	-2.572063e-01	-5.633071e-01	 1.923941e+01	-1.336663e-03	-1.510103e-03	-1.285319e-02	 5.998749e-05	-1.907770e-02	-4.031544e-02	-1.995594e-02	 4.565276e-03	 3.817255e-02	-1.094605e-03	 2.781388e-02	 1.928856e-01	 2.588545e-04	-8.486483e-03	 7.656279e-04	-2.324974e-03	-5.398715e-02	-2.272338e-04	 6.744711e-03	 2.103336e-03	-2.103747e-03	
-2.260715e-05	-1.504165e-04	 5.615163e-02	-1.257220e-03	-4.939505e-12	-6.809554e-04	-7.641458e-01	 2.890669e-02	-2.919483e+00	 1.562060e+01	-6.179847e+00	-1.363871e+01	-9.244282e+00	 6.435724e+00	-7.424274e-02	-2.163937e-02	-2.122641e+00	-1.746574e+00	-1.940449e-04	 3.760737e-04	 3.013148e-03	 6.221022e-04	 5.034758e-03	-1.437511e-02	 4.342794e-03	 3.265657e-04	-1.228751e-03	-5.207017e-03	-7.835842e-03	-4.245139e-02	-9.211377e-05	 4.555054e-05	 2.146130e-04	 8.648786e-04	 5.644951e-02	 6.919725e-05	-1.688099e-03	-8.935574e-04	 8.936920e-04	
 9.112658e-07	 1.414639e-05	-1.248893e-02	 2.532086e-04	-1.150129e-12	-1.319492e-04	 3.769798e-01	 4.200018e-03	-9.308137e-02	-6.491068e+00	-5.233957e-02	-2.673608e-01	-7.477935e-01	-7.424274e-02	 3.365123e+00	 3.799489e-01	 1.109238e-01	-1.763052e-01	 4.298854e-05	 2.437290e-04	-6.344926e-04	 5.273668e-04	-1.579574e-03	 4.944222e-03	-3.152200e-03	-3.631902e-03	 5.244562e-03	 4.908578e-05	 4.071518e-03	 1.538439e-02	 2.865781e-04	-2.163578e-05	-3.653710e-05	-4.943684e-04	-4.358567e-03	-2.481601e-05	-1.297257e-04	 1.499541e-04	-1.499796e-04	
-2.868424e-05	 9.564465e-05	-5.399454e-02	-7.349990e-04	-3.049800e-12	-5.712220e-04	 9.922995e-02	-7.304365e-03	 1.567337e-01	 3.777370e+00	-1.318746e+00	-7.373405e-01	-2.572063e-01	-2.163937e-02	 3.799489e-01	 3.194825e+00	 2.595215e+00	 2.524552e+00	-4.337904e-04	 3.727092e-04	-1.464980e-03	 4.905285e-05	 2.546155e-03	-8.006176e-03	-1.264034e-03	 2.113269e-03	 7.100613e-03	 4.393619e-03	 8.405176e-03	 1.791685e-02	-3.010374e-04	-1.649175e-04	 5.201091e-05	-1.638929e-03	-2.239485e-03	 1.912743e-05	-3.545433e-04	 6.345690e-04	-6.346902e-04	
-4.578917e-05	 5.288292e-06	-1.425927e-02	-6.291802e-04	-7.367327e-12	-1.854231e-03	-2.423935e+00	 9.415122e-02	 2.447547e+00	-7.928361e+00	 4.205560e+00	 3.433693e+00	-5.633071e-01	-2.122641e+00	 1.109238e-01	 2.595215e+00	 1.269403e+01	 2.366223e+01	 1.208448e-03	 8.157138e-05	-7.135369e-04	-4.712421e-04	 1.893155e-04	 1.583812e-03	 1.292833e-04	 3.432264e-03	-1.340296e-02	 5.910708e-03	-3.692346e-03	 5.773041e-03	-3.036745e-05	 2.163533e-03	 3.688900e-04	-5.421351e-05	 3.440465e-02	 8.836747e-05	-1.323112e-03	 3.353799e-05	-3.356666e-05	
-5.943976e-05	-2.766186e-04	 9.122238e-02	 1.538167e-03	-6.364380e-12	-2.498526e-03	-2.639754e+01	 2.309224e-01	 2.274578e+00	-1.532593e+01	 7.619831e+00	 5.625869e+00	 1.923941e+01	-1.746574e+00	-1.763052e-01	 2.524552e+00	 2.366223e+01	 6.342868e+01	 3.520582e-03	 7.301857e-05	 1.601462e-04	 6.370892e-04	-3.892729e-03	-2.689398e-02	 3.687166e-03	 7.378367e-03	-3.358116e-02	 4.090373e-04	-1.774662e-02	-4.393377e-02	 1.346083e-05	 4.667889e-03	 1.464086e-03	 3.274389e-03	 1.176238e-01	 1.411038e-04	-1.313540e-03	-1.583825e-03	 1.584042e-03	
 5.522688e-08	-6.137508e-07	 2.409445e-04	 2.661449e-06	 3.170356e-15	 1.917832e-06	-1.641887e-04	 7.942927e-05	 3.418700e-04	 1.956325e-03	 1.662548e-03	 2.769346e-03	-1.336663e-03	-1.940449e-04	 4.298854e-05	-4.337904e-04	 1.208448e-03	 3.520582e-03	 3.755937e-05	 7.781232e-06	-1.006458e-06	 3.219682e-06	 2.600288e-06	 2.959026e-05	-4.388444e-07	 4.578820e-06	-2.450255e-05	-8.943124e-07	-2.270039e-05	-4.740278e-05	 3.172101e-08	 4.827973e-07	 3.575576e-08	 5.997935e-06	 1.147483e-04	-8.212785e-08	-9.352197e-07	-3.450603e-06	 3.451163e-06	
 1.772232e-10	 6.840575e-08	-2.556737e-05	 1.378627e-06	 3.859461e-15	 1.214649e-06	 1.651176e-04	-1.278243e-05	-3.996858e-04	 2.341466e-03	-6.132088e-04	-1.803681e-03	-1.510103e-03	 3.760737e-04	 2.437290e-04	 3.727092e-04	 8.157138e-05	 7.301857e-05	 7.781232e-06	 2.514704e-05	-7.732710e-06	 1.081961e-05	-4.670784e-07	 2.619356e-05	-8.328903e-06	-2.408182e-06	 1.233222e-05	 3.415519e-08	 1.929270e-05	 6.259364e-05	-1.367869e-07	-1.398789e-07	 1.206102e-07	-1.342291e-06	-1.779243e-05	-3.784014e-09	 1.385387e-06	 3.814411e-07	-3.815024e-07	
-2.816233e-07	 1.880761e-06	-8.911566e-04	-4.664464e-06	 8.212778e-15	 6.047527e-06	 6.547107e-03	-2.659249e-04	-7.459069e-04	 4.357340e-02	-2.649708e-03	-1.465804e-02	-1.285319e-02	 3.013148e-03	-6.344926e-04	-1.464980e-03	-7.135369e-04	 1.601462e-04	-1.006458e-06	-7.732710e-06	 1.007129e-03	 3.099832e-06	 5.547296e-05	 7.147478e-05	-8.955086e-06	-4.187891e-07	 1.242673e-04	 2.044277e-05	-1.589777e-04	-3.578070e-04	 5.642469e-07	 3.205274e-06	-3.999050e-06	-2.182969e-05	-2.612459e-04	 8.566350e-08	 7.655186e-06	 1.186258e-05	-1.186473e-05	
 4.356624e-09	-5.155145e-07	 1.727573e-04	 2.880281e-06	-5.911170e-15	-8.501879e-07	-1.888242e-03	-8.659912e-05	-4.050752e-04	-6.765478e-03	-2.295209e-03	-3.393227e-03	 5.998749e-05	 6.221022e-04	 5.273668e-04	 4.905285e-05	-4.712421e-04	 6.370892e-04	 3.219682e-06	 1.081961e-05	 3.099832e-06	 4.633380e-05	-5.998675e-06	-3.417339e-05	 1.637505e-05	 3.431334e-06	-1.149660e-05	-2.778812e-05	 1.621958e-05	 1.657009e-05	 1.443373e-07	-3.397483e-07	 4.370166e-07	 3.578357e-06	 1.295919e-04	-4.734660e-08	-2.063269e-06	-2.661314e-06	 2.661718e-06	
 1.834556e-07	-1.481036e-06	 8.385655e-04	-5.528493e-07	 7.009086e-14	 2.033269e-05	 1.166784e-02	 3.381009e-04	-4.135895e-03	 8.588548e-02	 7.606815e-03	-4.690996e-03	-1.907770e-02	 5.034758e-03	-1.579574e-03	 2.546155e-03	 1.893155e-04	-3.892729e-03	 2.600288e-06	-4.670784e-07	 5.547296e-05	-5.998675e-06	 2.130827e-03	-2.461180e-05	-3.711896e-05	-1.796838e-05	-1.902774e-04	 1.139135e-04	 1.516332e-04	-2.686630e-04	-1.477611e-06	 1.570220e-06	-1.720282e-07	 3.572977e-05	 2.381470e-04	 4.259318e-07	 7.892315e-06	-1.045741e-05	 1.045943e-05	
 6.947075e-07	 1.756805e-06	-1.072948e-03	 1.427455e-06	 6.676532e-14	 1.633385e-05	 4.208955e-02	 1.841872e-04	 1.266020e-02	-2.831561e-01	-2.772055e-03	 2.417794e-02	-4.031544e-02	-1.437511e-02	 4.944222e-03	-8.006176e-03	 1.583812e-03	-2.689398e-02	 2.959026e-05	 2.619356e-05	 7.147478e-05	-3.417339e-05	-2.461180e-05	 1.715545e-02	 1.106057e-04	 5.455045e-05	 2.817054e-04	 1.823406e-05	-7.342576e-04	-1.058237e-03	-2.639897e-07	 3.498333e-06	-1.921811e-06	 4.288413e-06	-9.951365e-04	-3.238247e-06	 1.326662e-05	 1.539892e-05	-1.540147e-05	
-1.176413e-07	 7.479798e-07	-3.798235e-04	-7.919684e-06	-1.107672e-14	 1.036593e-06	 6.243144e-03	-5.227353e-04	-3.243402e-03	 6.889039e-02	-1.334167e-03	-1.676587e-02	-1.995594e-02	 4.342794e-03	-3.152200e-03	-1.264034e-03	 1.292833e-04	 3.687166e-03	-4.388444e-07	-8.328903e-06	-8.955086e-06	 1.637505e-05	-3.711896e-05	 1.106057e-04	 1.417086e-03	 2.654224e-04	 1.900820e-04	-3.971786e-04	-2.581253e-04	-5.023900e-04	 8.687441e-07	 2.213919e-06	-5.361153e-06	-1.259038e-05	-1.001699e-04	-1.836102e-08	-1.547272e-06	 4.807017e-06	-4.807846e-06	
-3.337013e-07	 8.750029e-07	-4.705013e-04	-2.212407e-06	-6.057816e-14	-1.302763e-05	-1.001227e-03	 2.363101e-04	 3.576288e-04	 3.970376e-03	 4.089286e-03	 1.037262e-02	 4.565276e-03	 3.265657e-04	-3.631902e-03	 2.113269e-03	 3.432264e-03	 7.378367e-03	 4.578820e-06	-2.408182e-06	-4.187891e-07	 3.431334e-06	-1.796838e-05	 5.455045e-05	 2.654224e-04	 8.622261e-04	 3.028570e-05	 7.820082e-04	 7.305330e-06	-7.042816e-04	-7.464984e-07	 1.298711e-06	-1.708584e-06	-1.161762e-05	 3.629639e-05	 4.318418e-07	-7.680407e-06	 5.509728e-06	-5.510825e-06	
 9.224158e-08	-2.434129e-07	 3.389353e-04	 1.875852e-05	 1.701586e-13	 5.428269e-05	-2.257569e-02	 2.626494e-04	 9.486873e-03	-1.422295e-01	-5.039437e-02	 2.968795e-02	 3.817255e-02	-1.228751e-03	 5.244562e-03	 7.100613e-03	-1.340296e-02	-3.358116e-02	-2.450255e-05	 1.233222e-05	 1.242673e-04	-1.149660e-05	-1.902774e-04	 2.817054e-04	 1.900820e-04	 3.028570e-05	 7.313031e-03	-3.944063e-04	 3.208686e-04	 3.370464e-03	 4.097868e-07	-9.344926e-06	-1.322590e-05	 1.054978e-05	-1.039042e-05	 5.096356e-07	 3.762923e-05	-3.470840e-06	 3.471757e-06	
-5.519550e-07	 1.557259e-06	-9.541441e-04	-7.029455e-06	-1.691169e-14	-3.581658e-06	 1.119488e-02	-4.080415e-05	 1.520540e-03	 9.811831e-03	 5.898009e-03	 6.103760e-03	-1.094605e-03	-5.207017e-03	 4.908578e-05	 4.393619e-03	 5.910708e-03	 4.090373e-04	-8.943124e-07	 3.415519e-08	 2.044277e-05	-2.778812e-05	 1.139135e-04	 1.823406e-05	-3.971786e-04	 7.820082e-04	-3.944063e-04	 3.071437e-03	 3.037462e-04	-8.908351e-04	-3.641944e-07	 1.504210e-07	-1.710709e-06	-2.618146e-05	 3.061244e-05	 3.117001e-07	 2.371444e-06	 1.094279e-05	-1.094497e-05	
-8.709540e-08	 5.006864e-07	 3.064183e-05	-4.701813e-06	 2.403784e-14	 8.161717e-06	-1.236455e-02	 9.676178e-04	-1.037425e-03	 7.764404e-02	 3.462189e-02	 3.610111e-02	 2.781388e-02	-7.835842e-03	 4.071518e-03	 8.405176e-03	-3.692346e-03	-1.774662e-02	-2.270039e-05	 1.929270e-05	-1.589777e-04	 1.621958e-05	 1.516332e-04	-7.342576e-04	-2.581253e-04	 7.305330e-06	 3.208686e-04	 3.037462e-04	 6.459195e-03	 8.306445e-03	 6.968074e-08	-7.155936e-06	-5.591943e-06	 2.711197e-06	-6.173053e-05	 8.617179e-07	 6.004489e-06	 6.559739e-07	-6.557550e-07	
-5.714197e-07	 1.183598e-05	-3.626978e-03	 2.933028e-05	 2.359001e-13	 5.917777e-05	-8.242440e-02	 2.845403e-03	 1.081981e-02	 3.287640e-03	 8.122804e-02	 1.241195e-01	 1.928856e-01	-4.245139e-02	 1.538439e-02	 1.791685e-02	 5.773041e-03	-4.393377e-02	-4.740278e-05	 6.259364e-05	-3.578070e-04	 1.657009e-05	-2.686630e-04	-1.058237e-03	-5.023900e-04	-7.042816e-04	 3.370464e-03	-8.908351e-04	 8.306445e-03	 6.843512e-02	 4.602666e-06	-2.854340e-05	-2.032665e-05	-1.185315e-05	-2.620872e-03	 3.478886e-06	 1.014343e-04	 5.617061e-05	-5.617878e-05	
-1.646048e-09	 1.655620e-09	-1.880270e-06	-1.751499e-07	-1.642211e-16	-2.676083e-07	-1.617598e-05	 4.409445e-06	 1.188656e-04	 6.819349e-03	 1.719267e-04	 4.860099e-04	 2.588545e-04	-9.211377e-05	 2.865781e-04	-3.010374e-04	-3.036745e-05	 1.346083e-05	 3.172101e-08	-1.367869e-07	 5.642469e-07	 1.443373e-07	-1.477611e-06	-2.639897e-07	 8.687441e-07	-7.464984e-07	 4.097868e-07	-3.641944e-07	 6.968074e-08	 4.602666e-06	 6.161170e-07	-1.531357e-08	 1.377735e-07	-1.663099e-07	 8.390835e-07	 9.859311e-10	-6.729502e-08	 1.192320e-08	-1.192434e-08	
-2.069992e-08	 8.857330e-08	-4.866443e-05	-4.658880e-07	-2.876390e-15	-8.275632e-07	 4.876085e-03	-9.474361e-06	-3.381007e-04	 6.709511e-03	 9.218132e-04	-2.485843e-03	-8.486483e-03	 4.555054e-05	-2.163578e-05	-1.649175e-04	 2.163533e-03	 4.667889e-03	 4.827973e-07	-1.398789e-07	 3.205274e-06	-3.397483e-07	 1.570220e-06	 3.498333e-06	 2.213919e-06	 1.298711e-06	-9.344926e-06	 1.504210e-07	-7.155936e-06	-2.854340e-05	-1.531357e-08	 2.210879e-06	 1.434359e-07	-1.305138e-06	-6.556239e-06	 4.692756e-09	-3.134688e-07	 6.008176e-07	-6.009310e-07	
 1.351853e-08	 9.505104e-08	-1.752325e-05	-6.697405e-07	 1.477851e-14	-2.480107e-06	 5.532274e-04	 1.831146e-05	-1.856456e-04	 3.634058e-03	 8.528464e-04	 1.950534e-04	 7.656279e-04	 2.146130e-04	-3.653710e-05	 5.201091e-05	 3.688900e-04	 1.464086e-03	 3.575576e-08	 1.206102e-07	-3.999050e-06	 4.370166e-07	-1.720282e-07	-1.921811e-06	-5.361153e-06	-1.708584e-06	-1.322590e-05	-1.710709e-06	-5.591943e-06	-2.032665e-05	 1.377735e-07	 1.434359e-07	 5.682348e-06	-1.110076e-06	-3.501644e-05	 1.214087e-08	 2.913461e-06	 3.934491e-07	-3.934961e-07	
 1.477539e-06	-1.324089e-05	 6.523378e-03	 3.319855e-05	 8.518541e-14	 3.473294e-05	-1.050374e-02	 4.049527e-04	 1.018417e-03	-4.749411e-02	-1.603158e-02	-8.034038e-03	-2.324974e-03	 8.648786e-04	-4.943684e-04	-1.638929e-03	-5.421351e-05	 3.274389e-03	 5.997935e-06	-1.342291e-06	-2.182969e-05	 3.578357e-06	 3.572977e-05	 4.288413e-06	-1.259038e-05	-1.161762e-05	 1.054978e-05	-2.618146e-05	 2.711197e-06	-1.185315e-05	-1.663099e-07	-1.305138e-06	-1.110076e-06	 1.867653e-04	 2.250729e-03	 1.396202e-06	-2.265205e-05	-8.570703e-05	 8.572228e-05	
 6.008533e-06	-2.282214e-04	 8.827208e-02	 5.264227e-04	 6.788683e-13	 4.842727e-04	-1.364342e-01	 5.614272e-03	-1.768144e-03	-2.964515e-01	-9.174529e-02	-8.842893e-02	-5.398715e-02	 5.644951e-02	-4.358567e-03	-2.239485e-03	 3.440465e-02	 1.176238e-01	 1.147483e-04	-1.779243e-05	-2.612459e-04	 1.295919e-04	 2.381470e-04	-9.951365e-04	-1.001699e-04	 3.629639e-05	-1.039042e-05	 3.061244e-05	-6.173053e-05	-2.620872e-03	 8.390835e-07	-6.556239e-06	-3.501644e-05	 2.250729e-03	 5.405450e-02	 4.667263e-06	-4.963472e-04	-1.297656e-03	 1.297863e-03	
 8.826894e-09	-4.498556e-08	 5.266649e-05	 1.320944e-07	 9.395198e-16	 2.229413e-07	 2.667667e-05	 5.855739e-07	-1.821082e-05	 4.305576e-04	-8.066783e-05	-2.717258e-04	-2.272338e-04	 6.919725e-05	-2.481601e-05	 1.912743e-05	 8.836747e-05	 1.411038e-04	-8.212785e-08	-3.784014e-09	 8.566350e-08	-4.734660e-08	 4.259318e-07	-3.238247e-06	-1.836102e-08	 4.318418e-07	 5.096356e-07	 3.117001e-07	 8.617179e-07	 3.478886e-06	 9.859311e-10	 4.692756e-09	 1.214087e-08	 1.396202e-06	 4.667263e-06	 8.546920e-08	 1.118013e-07	-5.623351e-07	 5.624573e-07	
-1.215598e-07	 2.298265e-06	-8.915156e-04	-1.167116e-06	 1.582749e-13	 3.198478e-05	-1.669335e-03	-5.864591e-05	 1.854680e-04	-6.300279e-04	-1.045709e-03	 1.785508e-03	 6.744711e-03	-1.688099e-03	-1.297257e-04	-3.545433e-04	-1.323112e-03	-1.313540e-03	-9.352197e-07	 1.385387e-06	 7.655186e-06	-2.063269e-06	 7.892315e-06	 1.326662e-05	-1.547272e-06	-7.680407e-06	 3.762923e-05	 2.371444e-06	 6.004489e-06	 1.014343e-04	-6.729502e-08	-3.134688e-07	 2.913461e-06	-2.265205e-05	-4.963472e-04	 1.118013e-07	 3.842236e-05	 1.293390e-05	-1.293598e-05	
-6.686643e-07	 7.076066e-06	-3.314752e-03	-1.749079e-05	-3.999016e-14	-1.737068e-05	 4.986861e-03	-1.884803e-04	-3.477060e-04	 2.035931e-02	 8.254595e-03	 4.850707e-03	 2.103336e-03	-8.935574e-04	 1.499541e-04	 6.345690e-04	 3.353799e-05	-1.583825e-03	-3.450603e-06	 3.814411e-07	 1.186258e-05	-2.661314e-06	-1.045741e-05	 1.539892e-05	 4.807017e-06	 5.509728e-06	-3.470840e-06	 1.094279e-05	 6.559739e-07	 5.617061e-05	 1.192320e-08	 6.008176e-07	 3.934491e-07	-8.570703e-05	-1.297656e-03	-5.623351e-07	 1.293390e-05	 4.449254e-05	-4.450028e-05	
 6.687954e-07	-7.077268e-06	 3.315340e-03	 1.749381e-05	 3.999769e-14	 1.737373e-05	-4.987726e-03	 1.885131e-04	 3.477786e-04	-2.036313e-02	-8.256211e-03	-4.851642e-03	-2.103747e-03	 8.936920e-04	-1.499796e-04	-6.346902e-04	-3.356666e-05	 1.584042e-03	 3.451163e-06	-3.815024e-07	-1.186473e-05	 2.661718e-06	 1.045943e-05	-1.540147e-05	-4.807846e-06	-5.510825e-06	 3.471757e-06	-1.094497e-05	-6.557550e-07	-5.617878e-05	-1.192434e-08	-6.009310e-07	-3.934961e-07	 8.572228e-05	 1.297863e-03	 5.624573e-07	-1.293598e-05	-4.450028e-05	 4.450803e-05	
