#          omega_b,      omega_dmeff,      100*theta_s,              n_s,              A_s,         tau_reio,           z_reio,     Omega_Lambda,              YHe,               H0,           sigma8,      sigma_BUG
 9.68733e-10	-3.93755e-09	-2.65160e-11	-2.11836e-08	 1.02964e-16	 2.23104e-08	 8.24463e-07	 1.91505e-06	 2.80888e-08	 4.15843e-10	 2.25168e-06	-4.16255e-52	
-3.93755e-09	 4.83548e-07	-1.98788e-08	-9.65090e-07	-1.08933e-14	-3.15374e-06	-4.24167e-05	-3.04713e-04	-2.78600e-06	-1.69047e-09	-1.80057e-04	-7.62684e-50	
-2.65160e-11	-1.98788e-08	 7.02686e-09	 6.49819e-08	 6.02436e-16	 1.67378e-07	 2.82078e-06	 1.63511e-05	 1.33065e-07	-1.13209e-11	 9.30102e-06	 7.51963e-51	
-2.11836e-08	-9.65090e-07	 6.49819e-08	 4.37108e-06	 2.07842e-14	 6.75974e-06	 9.34907e-04	 6.62726e-04	 5.45596e-06	-9.09305e-09	 3.41440e-04	 2.05615e-49	
 1.02964e-16	-1.08933e-14	 6.02436e-16	 2.07842e-14	 4.59993e-22	 1.20810e-13	 3.64407e-12	 1.18113e-11	 6.33399e-14	 4.42023e-17	 4.12101e-12	 5.72499e-57	
 2.23104e-08	-3.15374e-06	 1.67378e-07	 6.75974e-06	 1.20810e-13	 3.25157e-05	 7.35723e-04	 3.17750e-03	 1.82683e-05	 9.57807e-09	 1.18389e-03	 1.45467e-48	
 8.24463e-07	-4.24167e-05	 2.82078e-06	 9.34907e-04	 3.64407e-12	 7.35723e-04	 2.02907e+00	 7.30539e-02	 2.52123e-04	 3.53830e-07	 1.65295e-02	 3.97656e-47	
 1.91505e-06	-3.04713e-04	 1.63511e-05	 6.62726e-04	 1.18113e-11	 3.17750e-03	 7.30539e-02	 3.10836e-01	 1.76436e-03	 8.22170e-07	 1.14217e-01	 1.43617e-46	
 2.80888e-08	-2.78600e-06	 1.33065e-07	 5.45596e-06	 6.33399e-14	 1.82683e-05	 2.52123e-04	 1.76436e-03	 1.61460e-05	 1.20590e-08	 1.04845e-03	 4.46728e-49	
 4.15843e-10	-1.69047e-09	-1.13209e-11	-9.09305e-09	 4.42023e-17	 9.57807e-09	 3.53830e-07	 8.22170e-07	 1.20590e-08	 1.78508e-10	 9.66662e-07	-1.78664e-52	
 2.25168e-06	-1.80057e-04	 9.30102e-06	 3.41440e-04	 4.12101e-12	 1.18389e-03	 1.65295e-02	 1.14217e-01	 1.04845e-03	 9.66662e-07	 6.83932e-02	 2.89208e-47	
-4.16255e-52	-7.62684e-50	 7.51963e-51	 2.05615e-49	 5.72499e-57	 1.45467e-48	 3.97656e-47	 1.43617e-46	 4.46728e-49	-1.78664e-52	 2.89208e-47	 9.01303e-92	
